기간	자치구	동	합계	합계	합계	장애유형	장애유형	장애유형	장애유형	장애유형	장애유형	장애유형	장애유형	장애유형	장애유형	장애유형	장애유형	장애유형	장애유형	장애유형	장애유형	장애유형	장애유형	장애유형	장애유형	장애유형	장애유형	장애유형	장애유형	장애유형	장애유형	장애유형	장애유형	장애유형	장애유형	장애유형	장애유형	장애유형	장애유형	장애유형	장애유형	장애유형	장애유형	장애유형	장애유형	장애유형	장애유형	장애유형	장애유형	장애유형
기간	자치구	동	합계	합계	합계	지체	지체	지체	뇌병변	뇌병변	뇌병변	시각	시각	시각	청각	청각	청각	언어	언어	언어	지적장애	지적장애	지적장애	자폐성	자폐성	자폐성	정신장애	정신장애	정신장애	신장장애	신장장애	신장장애	심장장애	심장장애	심장장애	호흡기	호흡기	호흡기	간	간	간	안면	안면	안면	장루요루	장루요루	장루요루	뇌전증	뇌전증	뇌전증
기간	자치구	동	계	남자	여자	계	남자	여자	계	남자	여자	계	남자	여자	계	남자	여자	계	남자	여자	계	남자	여자	계	남자	여자	계	남자	여자	계	남자	여자	계	남자	여자	계	남자	여자	계	남자	여자	계	남자	여자	계	남자	여자	계	남자	여자
2019	합계	합계	394,843	228,821	166,022	176,767	99,610	77,157	41,304	24,531	16,773	41,832	25,199	16,633	54,940	30,291	24,649	3,327	2,399	928	26,778	16,420	10,358	6,100	5,174	926	16,435	8,443	7,992	17,166	10,075	7,091	1,068	692	376	2,127	1,564	563	2,515	1,740	775	385	212	173	2,855	1,784	1,071	1,244	687	557
2019	종로구	소계	6,068	3,515	2,553	2,661	1,431	1,230	574	363	211	717	445	272	905	511	394	42	32	10	396	236	160	111	92	19	271	153	118	251	157	94	11	6	5	23	19	4	46	35	11	6	3	3	34	21	13	20	11	9
2019	종로구	사직동	295	169	126	129	75	54	38	20	18	38	23	15	31	11	20	1	1	-	18	9	9	8	7	1	11	7	4	14	11	3	1	1	-	2	1	1	2	2	-	-	-	-	1	1	-	1	-	1
2019	종로구	삼청동	112	60	52	48	27	21	14	8	6	11	6	5	19	7	12	-	-	-	3	1	2	1	1	-	9	3	6	5	5	-	-	-	-	1	1	-	1	1	-	-	-	-	-	-	-	-	-	-
2019	종로구	부암동	316	179	137	118	59	59	30	19	11	37	21	16	54	32	22	2	2	-	24	15	9	9	8	1	18	10	8	12	7	5	1	1	-	-	-	-	4	2	2	1	-	1	5	3	2	1	-	1
2019	종로구	평창동	538	294	244	228	120	108	54	30	24	70	35	35	83	41	42	5	2	3	36	22	14	11	11	-	14	6	8	24	17	7	-	-	-	2	1	1	5	4	1	-	-	-	5	4	1	1	1	-
2019	종로구	무악동	337	184	153	126	61	65	26	17	9	43	28	15	61	30	31	4	4	-	26	13	13	12	8	4	13	9	4	15	8	7	2	1	1	3	2	1	3	1	2	-	-	-	3	2	1	-	-	-
2019	종로구	교남동	360	191	169	162	81	81	31	16	15	31	16	15	60	28	32	4	1	3	22	14	8	12	11	1	15	10	5	16	9	7	-	-	-	2	2	-	2	1	1	-	-	-	-	-	-	3	2	1
2019	종로구	가회동	179	94	85	74	38	36	23	11	12	15	7	8	26	17	9	-	-	-	18	8	10	4	4	-	7	4	3	10	4	6	-	-	-	-	-	-	1	1	-	-	-	-	-	-	-	1	-	1
2019	종로구	종로1.2.3.4가동	391	287	104	157	107	50	47	39	8	40	30	10	62	47	15	-	-	-	20	16	4	3	2	1	37	28	9	18	13	5	-	-	-	1	1	-	2	2	-	1	1	-	3	1	2	-	-	-
2019	종로구	종로5·6가동	270	177	93	136	84	52	20	15	5	29	22	7	30	22	8	-	-	-	17	12	5	4	3	1	14	6	8	9	7	2	1	-	1	1	1	-	3	2	1	-	-	-	3	1	2	3	2	1
2019	종로구	이화동	340	179	161	154	76	78	37	22	15	37	21	16	49	25	24	2	2	-	25	14	11	3	2	1	13	6	7	13	6	7	1	-	1	-	-	-	4	3	1	-	-	-	1	1	-	1	1	-
2019	종로구	창신1동	320	193	127	151	89	62	28	18	10	35	22	13	55	35	20	1	1	-	22	14	8	-	-	-	13	6	7	9	5	4	-	-	-	1	1	-	-	-	-	-	-	-	3	1	2	2	1	1
2019	종로구	창신2동	488	278	210	248	127	121	42	25	17	63	38	25	55	34	21	3	2	1	28	15	13	2	2	-	29	22	7	7	4	3	-	-	-	2	2	-	4	4	-	1	-	1	1	1	-	3	2	1
2019	종로구	창신3동	336	181	155	177	87	90	27	13	14	32	20	12	38	22	16	6	5	1	17	10	7	5	4	1	9	5	4	15	8	7	2	1	1	1	1	-	4	3	1	-	-	-	2	1	1	1	1	-
2019	종로구	숭인1동	286	151	135	137	69	68	27	18	9	21	12	9	49	26	23	2	2	-	19	10	9	4	2	2	9	1	8	14	8	6	-	-	-	-	-	-	2	1	1	-	-	-	2	2	-	-	-	-
2019	종로구	숭인2동	443	295	148	205	126	79	42	28	14	50	37	13	59	43	16	4	4	-	24	17	7	5	4	1	20	11	9	23	16	7	1	1	-	4	4	-	1	1	-	2	2	-	2	1	1	1	-	1
2019	종로구	청운효자동	480	259	221	165	77	88	34	20	14	110	70	40	82	41	41	4	2	2	34	17	17	12	11	1	11	4	7	19	11	8	-	-	-	1	1	-	4	3	1	1	-	1	3	2	1	-	-	-
2019	종로구	혜화동	576	343	233	246	128	118	54	44	10	55	37	18	92	50	42	4	4	-	43	29	14	16	12	4	28	14	14	28	18	10	2	1	1	2	1	1	4	4	-	-	-	-	-	-	-	2	1	1
2019	종로구	기타	1	1	-	-	-	-	-	-	-	-	-	-	-	-	-	-	-	-	-	-	-	-	-	-	1	1	-	-	-	-	-	-	-	-	-	-	-	-	-	-	-	-	-	-	-	-	-	-
2019	중구	소계	5,712	3,282	2,430	2,613	1,414	1,199	568	364	204	735	446	289	809	450	359	33	22	11	304	179	125	67	53	14	220	127	93	226	128	98	13	8	5	27	24	3	34	26	8	5	2	3	36	26	10	22	13	9
2019	중구	소공동	32	21	11	13	10	3	-	-	-	5	3	2	9	5	4	-	-	-	2	1	1	2	2	-	-	-	-	1	-	1	-	-	-	-	-	-	-	-	-	-	-	-	-	-	-	-	-	-
2019	중구	회현동	337	227	110	135	82	53	35	27	8	76	54	22	38	24	14	1	1	-	18	14	4	2	2	-	17	12	5	7	6	1	-	-	-	2	2	-	2	1	1	-	-	-	3	1	2	1	1	-
2019	중구	명동	128	67	61	59	29	30	7	5	2	25	17	8	20	6	14	-	-	-	3	-	3	2	2	-	4	3	1	5	4	1	-	-	-	-	-	-	1	1	-	-	-	-	1	-	1	1	-	1
2019	중구	필동	165	98	67	68	44	24	15	11	4	30	16	14	20	12	8	1	-	1	9	5	4	1	1	-	5	2	3	7	3	4	1	1	-	1	1	-	2	1	1	2	1	1	2	-	2	1	-	1
2019	중구	장충동	203	106	97	85	38	47	38	21	17	22	15	7	30	18	12	4	1	3	12	6	6	1	1	-	4	-	4	3	2	1	-	-	-	2	2	-	1	1	-	-	-	-	1	1	-	-	-	-
2019	중구	광희동	244	151	93	128	79	49	26	19	7	32	20	12	25	10	15	1	-	1	13	8	5	1	1	-	5	2	3	9	9	-	-	-	-	1	-	1	2	2	-	-	-	-	-	-	-	1	1	-
2019	중구	을지로동	86	62	24	42	34	8	7	5	2	11	7	4	15	9	6	1	1	-	-	-	-	-	-	-	5	2	3	4	3	1	-	-	-	-	-	-	1	1	-	-	-	-	-	-	-	-	-	-
2019	중구	신당5동	486	291	195	234	130	104	40	29	11	56	38	18	65	37	28	3	3	-	30	17	13	6	5	1	20	12	8	21	12	9	1	-	1	4	3	1	1	1	-	-	-	-	1	1	-	4	3	1
2019	중구	황학동	510	300	210	243	131	112	61	44	17	53	37	16	69	35	34	2	1	1	22	13	9	6	4	2	14	11	3	23	11	12	2	-	2	3	3	-	4	3	1	-	-	-	8	7	1	-	-	-
2019	중구	중림동	539	320	219	236	137	99	58	31	27	71	40	31	73	45	28	3	1	2	26	17	9	7	5	2	33	21	12	22	15	7	-	-	-	-	-	-	2	1	1	-	-	-	5	5	-	3	2	1
2019	중구	신당동	376	233	143	178	103	75	45	31	14	43	29	14	42	28	14	2	2	-	24	14	10	4	3	1	16	10	6	15	8	7	-	-	-	2	2	-	2	1	1	-	-	-	2	2	-	1	-	1
2019	중구	다산동	652	343	309	317	159	158	43	23	20	78	47	31	106	53	53	4	3	1	29	16	13	8	8	-	25	10	15	28	14	14	3	1	2	2	2	-	4	3	1	-	-	-	3	2	1	2	2	-
2019	중구	약수동	891	476	415	385	196	189	87	51	36	121	60	61	142	77	65	2	1	1	54	30	24	11	9	2	32	18	14	36	16	20	4	4	-	4	4	-	5	5	-	2	1	1	4	3	1	2	1	1
2019	중구	청구동	623	356	267	285	156	129	51	35	16	73	38	35	95	55	40	4	4	-	38	23	15	8	6	2	26	16	10	29	15	14	-	-	-	3	3	-	4	2	2	1	-	1	3	2	1	3	1	2
2019	중구	동화동	440	231	209	205	86	119	55	32	23	39	25	14	60	36	24	5	4	1	24	15	9	8	4	4	14	8	6	16	10	6	2	2	-	3	2	1	3	3	-	-	-	-	3	2	1	3	2	1
2019	용산구	소계	8,025	4,633	3,392	3,518	1,923	1,595	804	476	328	991	616	375	1,144	628	516	66	45	21	530	340	190	106	84	22	298	155	143	343	211	132	22	14	8	44	35	9	65	49	16	6	5	1	68	41	27	20	11	9
2019	용산구	후암동	779	435	344	324	164	160	98	61	37	96	56	40	99	54	45	6	5	1	66	43	23	8	4	4	30	12	18	31	20	11	2	1	1	5	3	2	4	4	-	1	1	-	4	3	1	5	4	1
2019	용산구	용산2가동	490	277	213	221	113	108	48	29	19	55	35	20	71	42	29	3	3	-	41	23	18	3	3	-	19	9	10	17	10	7	1	-	1	3	3	-	5	5	-	-	-	-	3	2	1	-	-	-
2019	용산구	남영동	572	447	125	240	184	56	55	39	16	81	70	11	65	54	11	5	4	1	49	38	11	5	4	1	44	32	12	15	10	5	1	1	-	6	6	-	-	-	-	-	-	-	3	2	1	3	3	-
2019	용산구	원효로2동	468	254	214	194	102	92	52	28	24	59	30	29	75	44	31	3	3	-	28	16	12	4	3	1	18	7	11	20	11	9	1	-	1	2	2	-	5	4	1	-	-	-	7	4	3	-	-	-
2019	용산구	효창동	345	182	163	154	74	80	42	24	18	41	19	22	51	27	24	2	1	1	18	13	5	7	7	-	6	2	4	14	9	5	1	1	-	1	1	-	2	2	-	1	1	-	4	1	3	1	-	1
2019	용산구	용문동	489	259	230	205	107	98	50	30	20	51	27	24	84	38	46	4	3	1	36	21	15	8	5	3	16	8	8	19	9	10	3	3	-	2	1	1	5	4	1	-	-	-	4	2	2	2	1	1
2019	용산구	이촌1동	530	308	222	215	109	106	55	30	25	60	38	22	86	53	33	7	5	2	30	23	7	17	12	5	12	3	9	31	24	7	2	-	2	3	2	1	4	3	1	1	1	-	7	5	2	-	-	-
2019	용산구	이촌2동	378	207	171	182	103	79	33	15	18	36	17	19	57	24	33	2	2	-	26	18	8	3	2	1	12	9	3	19	11	8	-	-	-	3	2	1	2	2	-	-	-	-	2	2	-	1	-	1
2019	용산구	이태원1동	236	131	105	103	53	50	25	13	12	22	14	8	36	22	14	2	2	-	14	11	3	6	4	2	13	7	6	7	-	7	1	1	-	1	1	-	1	1	-	-	-	-	4	2	2	1	-	1
2019	용산구	이태원2동	323	184	139	149	81	68	27	19	8	40	23	17	43	19	24	1	-	1	25	13	12	2	1	1	8	4	4	15	12	3	2	2	-	4	3	1	4	4	-	-	-	-	2	2	-	1	1	-
2019	용산구	서빙고동	393	217	176	163	84	79	41	21	20	37	22	15	63	35	28	5	2	3	30	16	14	9	9	-	8	5	3	26	17	9	2	1	1	-	-	-	2	1	1	-	-	-	5	3	2	2	1	1
2019	용산구	보광동	599	318	281	270	136	134	47	23	24	82	45	37	81	37	44	4	3	1	28	17	11	4	4	-	22	12	10	32	20	12	3	2	1	4	3	1	10	8	2	1	1	-	11	7	4	-	-	-
2019	용산구	청파동	822	489	333	345	197	148	77	51	26	117	77	40	122	56	66	5	4	1	62	40	22	9	9	-	38	23	15	36	25	11	-	-	-	2	1	1	4	2	2	1	1	-	2	2	-	2	1	1
2019	용산구	원효로1동	466	270	196	206	112	94	42	28	14	66	43	23	64	39	25	7	3	4	24	14	10	8	6	2	18	7	11	20	10	10	-	-	-	3	3	-	5	4	1	-	-	-	3	1	2	-	-	-
2019	용산구	한강로동	496	302	194	234	138	96	46	26	20	74	51	23	69	42	27	5	3	2	19	12	7	8	7	1	16	8	8	16	11	5	2	1	1	1	1	-	3	1	2	-	-	-	2	1	1	1	-	1
2019	용산구	한남동	639	353	286	313	166	147	66	39	27	74	49	25	78	42	36	5	2	3	34	22	12	5	4	1	18	7	11	25	12	13	1	1	-	4	3	1	9	4	5	1	-	1	5	2	3	1	-	1
2019	성동구	소계	11,686	6,772	4,914	5,460	3,062	2,398	1,219	754	465	1,193	689	504	1,581	849	732	104	76	28	710	445	265	174	148	26	436	240	196	462	271	191	37	27	10	94	73	21	77	54	23	15	8	7	85	52	33	39	24	15
2019	성동구	왕십리2동	663	365	298	303	152	151	67	40	27	65	38	27	95	51	44	12	10	2	38	22	16	16	14	2	19	10	9	26	12	14	1	1	-	8	6	2	3	3	-	2	1	1	4	3	1	4	2	2
2019	성동구	마장동	1,089	654	435	540	315	225	119	75	44	96	59	37	129	71	58	9	6	3	72	44	28	26	25	1	38	20	18	36	20	16	4	4	-	4	3	1	6	5	1	3	2	1	3	2	1	4	3	1
2019	성동구	사근동	387	206	181	212	106	106	43	26	17	36	26	10	39	17	22	5	5	-	17	7	10	3	2	1	10	3	7	14	9	5	-	-	-	3	3	-	4	2	2	-	-	-	1	-	1	-	-	-
2019	성동구	행당1동	633	364	269	271	149	122	66	41	25	66	38	28	101	53	48	4	2	2	38	24	14	12	10	2	15	5	10	32	21	11	3	3	-	9	7	2	6	4	2	1	1	-	7	4	3	2	2	-
2019	성동구	행당2동	918	504	414	409	224	185	106	65	41	100	46	54	125	64	61	10	7	3	48	28	20	11	7	4	36	16	20	38	22	16	6	5	1	11	9	2	5	2	3	2	1	1	7	6	1	4	2	2
2019	성동구	응봉동	539	299	240	235	119	116	55	31	24	56	27	29	99	56	43	6	4	2	30	22	8	8	8	-	13	7	6	24	16	8	3	1	2	4	4	-	2	1	1	-	-	-	4	3	1	-	-	-
2019	성동구	금호1가동	644	358	286	298	160	138	76	45	31	66	38	28	76	36	40	4	2	2	40	23	17	8	7	1	22	12	10	31	21	10	3	3	-	5	2	3	4	3	1	-	-	-	8	4	4	3	2	1
2019	성동구	금호4가동	530	300	230	241	128	113	52	33	19	57	34	23	77	39	38	4	2	2	33	22	11	10	10	-	17	6	11	22	16	6	3	1	2	7	5	2	1	-	1	2	1	1	-	-	-	4	3	1
2019	성동구	성수1가1동	607	373	234	277	168	109	57	39	18	66	39	27	88	48	40	5	5	-	48	33	15	6	5	1	19	13	6	24	12	12	1	-	1	8	5	3	4	4	-	-	-	-	2	2	-	2	-	2
2019	성동구	성수1가2동	541	303	238	259	153	106	57	31	26	48	29	19	86	42	44	5	2	3	28	17	11	4	2	2	17	6	11	22	12	10	-	-	-	4	3	1	3	3	-	-	-	-	7	3	4	1	-	1
2019	성동구	성수2가1동	839	521	318	412	263	149	65	40	25	90	52	38	111	61	50	7	5	2	53	37	16	12	8	4	29	14	15	27	12	15	3	3	-	6	6	-	9	8	1	1	1	-	12	10	2	2	1	1
2019	성동구	성수2가3동	422	256	166	190	108	82	41	31	10	53	36	17	55	26	29	8	5	3	28	16	12	9	9	-	11	7	4	16	11	5	3	1	2	3	3	-	3	2	1	-	-	-	2	1	1	-	-	-
2019	성동구	송정동	539	325	214	261	151	110	48	29	19	53	30	23	66	44	22	4	4	-	43	29	14	5	4	1	18	8	10	27	18	9	1	-	1	4	4	-	2	1	1	-	-	-	4	2	2	3	1	2
2019	성동구	용답동	673	440	233	310	185	125	67	47	20	60	38	22	78	53	25	5	4	1	39	27	12	4	3	1	69	57	12	28	15	13	1	1	-	2	2	-	5	4	1	-	-	-	4	3	1	1	1	-
2019	성동구	왕십리도선동	993	573	420	426	233	193	122	74	48	126	77	49	132	76	56	12	10	2	61	35	26	17	15	2	46	23	23	28	16	12	2	1	1	4	4	-	3	2	1	2	-	2	7	3	4	5	4	1
2019	성동구	금호2.3가동	946	529	417	476	251	225	88	57	31	86	47	39	135	71	64	2	1	1	58	39	19	9	8	1	26	15	11	39	26	13	-	-	-	6	5	1	9	4	5	2	1	1	8	3	5	2	1	1
2019	성동구	옥수동	723	402	321	340	197	143	90	50	40	69	35	34	89	41	48	2	2	-	36	20	16	14	11	3	31	18	13	28	12	16	3	3	-	6	2	4	8	6	2	-	-	-	5	3	2	2	2	-
2019	광진구	소계	12,563	7,319	5,244	5,800	3,283	2,517	1,252	728	524	1,337	833	504	1,656	930	726	94	72	22	818	484	334	167	141	26	521	271	250	588	336	252	37	26	11	63	50	13	68	50	18	8	5	3	105	81	24	49	29	20
2019	광진구	화양동	536	308	228	262	132	130	53	25	28	71	48	23	70	48	22	4	2	2	24	15	9	8	8	-	14	8	6	18	13	5	1	1	-	3	3	-	2	-	2	-	-	-	6	5	1	-	-	-
2019	광진구	군자동	793	460	333	362	200	162	77	48	29	86	55	31	100	56	44	9	8	1	60	31	29	4	3	1	40	24	16	41	23	18	-	-	-	3	3	-	3	3	-	-	-	-	4	3	1	4	3	1
2019	광진구	중곡1동	693	394	299	324	181	143	59	32	27	65	39	26	90	54	36	8	5	3	43	25	18	7	6	1	47	26	21	32	16	16	3	2	1	6	5	1	2	-	2	1	-	1	4	2	2	2	1	1
2019	광진구	중곡2동	898	520	378	417	231	186	86	46	40	86	50	36	130	81	49	3	1	2	51	32	19	12	10	2	48	25	23	44	27	17	1	-	1	5	5	-	4	3	1	-	-	-	8	8	-	3	1	2
2019	광진구	중곡3동	760	462	298	367	208	159	60	36	24	78	54	24	93	56	37	8	7	1	51	32	19	9	8	1	38	24	14	38	23	15	5	3	2	2	2	-	5	5	-	1	1	-	3	2	1	2	1	1
2019	광진구	중곡4동	1,343	778	565	620	351	269	125	80	45	145	87	58	171	92	79	15	11	4	86	50	36	15	15	-	78	35	43	51	29	22	5	5	-	4	2	2	7	7	-	2	1	1	11	9	2	8	4	4
2019	광진구	능동	381	225	156	177	100	77	37	22	15	44	29	15	51	27	24	2	2	-	28	18	10	3	1	2	14	11	3	15	8	7	1	1	-	2	1	1	-	-	-	-	-	-	5	3	2	2	2	-
2019	광진구	구의1동	838	494	344	382	226	156	84	46	38	111	75	36	105	58	47	5	3	2	50	31	19	8	5	3	29	17	12	43	21	22	3	1	2	4	2	2	2	1	1	1	1	-	7	4	3	4	3	1
2019	광진구	구의2동	1,149	689	460	515	304	211	122	76	46	123	81	42	161	96	65	7	6	1	79	40	39	15	14	1	41	18	23	54	30	24	6	5	1	4	4	-	6	4	2	1	1	-	8	5	3	7	5	2
2019	광진구	구의3동	809	441	368	371	201	170	86	47	39	75	33	42	113	61	52	5	4	1	63	37	26	20	16	4	19	9	10	37	18	19	2	2	-	1	1	-	5	3	2	1	1	-	9	6	3	2	2	-
2019	광진구	광장동	739	436	303	322	177	145	90	51	39	81	61	20	84	41	43	6	6	-	57	40	17	18	15	3	22	10	12	33	15	18	2	1	1	4	4	-	10	7	3	-	-	-	9	8	1	1	-	1
2019	광진구	자양1동	920	526	394	429	245	184	86	51	35	107	65	42	121	67	54	6	4	2	55	30	25	10	9	1	31	12	19	46	25	21	4	1	3	8	4	4	4	4	-	1	-	1	6	5	1	6	4	2
2019	광진구	자양2동	970	572	398	450	273	177	107	64	43	86	48	38	127	66	61	4	4	-	75	41	34	17	14	3	38	20	18	37	23	14	1	1	-	10	7	3	8	6	2	-	-	-	6	4	2	4	1	3
2019	광진구	자양3동	841	484	357	357	204	153	96	57	39	86	46	40	130	59	71	8	5	3	48	34	14	20	16	4	24	9	15	52	37	15	2	2	-	5	5	-	6	3	3	-	-	-	6	6	-	1	1	-
2019	광진구	자양4동	893	530	363	445	250	195	84	47	37	93	62	31	110	68	42	4	4	-	48	28	20	1	1	-	38	23	15	47	28	19	1	1	-	2	2	-	4	4	-	-	-	-	13	11	2	3	1	2
2019	동대문구	소계	15,871	9,219	6,652	7,553	4,200	3,353	1,665	1,000	665	1,551	992	559	2,260	1,267	993	131	101	30	895	574	321	148	126	22	634	321	313	636	379	257	37	26	11	86	69	17	100	58	42	19	9	10	110	72	38	46	25	21
2019	동대문구	회기동	325	179	146	138	68	70	40	27	13	27	16	11	53	30	23	1	1	-	19	9	10	5	4	1	13	5	8	18	11	7	-	-	-	6	4	2	-	-	-	-	-	-	4	4	-	1	-	1
2019	동대문구	휘경1동	672	383	289	328	186	142	68	34	34	73	49	24	81	46	35	8	3	5	38	24	14	7	6	1	25	10	15	25	14	11	1	1	-	2	2	-	6	3	3	1	-	1	8	5	3	1	-	1
2019	동대문구	휘경2동	886	501	385	427	228	199	108	63	45	82	53	29	116	65	51	8	6	2	52	31	21	12	10	2	26	13	13	38	19	19	2	1	1	5	5	-	3	2	1	1	1	-	3	2	1	3	2	1
2019	동대문구	청량리동	1,355	797	558	641	355	286	124	81	43	149	96	53	208	112	96	12	9	3	67	49	18	10	7	3	59	30	29	54	37	17	3	1	2	8	7	1	8	5	3	2	1	1	7	4	3	3	3	-
2019	동대문구	용신동	1,482	879	603	725	408	317	156	106	50	136	90	46	224	122	102	11	6	5	68	50	18	10	8	2	61	34	27	60	37	23	3	3	-	6	5	1	9	5	4	1	1	-	9	3	6	3	1	2
2019	동대문구	제기동	1,373	773	600	656	339	317	151	97	54	143	91	52	209	116	93	10	9	1	68	39	29	6	5	1	47	21	26	50	35	15	4	3	1	5	4	1	6	3	3	1	-	1	9	5	4	8	6	2
2019	동대문구	전농1동	1,540	906	634	728	408	320	153	90	63	148	98	50	232	132	100	11	8	3	96	65	31	13	11	2	65	37	28	50	27	23	4	3	1	6	5	1	11	5	6	1	1	-	16	12	4	6	4	2
2019	동대문구	전농2동	894	503	391	435	235	200	93	52	41	78	49	29	134	76	58	8	8	-	52	32	20	7	7	-	29	12	17	43	25	18	1	-	1	3	1	2	4	2	2	1	-	1	3	3	-	3	1	2
2019	동대문구	답십리1동	1,059	594	465	480	258	222	122	66	56	110	70	40	153	88	65	7	5	2	57	39	18	10	10	-	46	23	23	44	20	24	4	3	1	5	3	2	9	4	5	3	1	2	5	3	2	4	1	3
2019	동대문구	답십리2동	1,463	839	624	687	376	311	140	82	58	164	95	69	218	128	90	10	9	1	74	46	28	14	13	1	54	28	26	60	34	26	5	3	2	14	10	4	10	7	3	1	1	-	11	7	4	1	-	1
2019	동대문구	장안1동	1,689	1,023	666	809	492	317	175	96	79	150	98	52	214	121	93	17	14	3	106	64	42	22	20	2	92	50	42	70	45	25	3	2	1	8	7	1	11	7	4	-	-	-	7	5	2	5	2	3
2019	동대문구	장안2동	1,306	775	531	623	360	263	142	91	51	117	74	43	162	87	75	10	8	2	89	54	35	14	10	4	45	24	21	62	39	23	1	1	-	12	12	-	11	5	6	2	1	1	13	7	6	3	2	1
2019	동대문구	이문1동	812	489	323	380	213	167	88	59	29	77	51	26	109	64	45	12	9	3	47	35	12	6	6	-	35	16	19	31	18	13	3	3	-	6	4	2	3	2	1	3	-	3	9	6	3	3	3	-
2019	동대문구	이문2동	1,015	578	437	496	274	222	105	56	49	97	62	35	147	80	67	6	6	-	62	37	25	12	9	3	37	18	19	31	18	13	3	2	1	-	-	-	9	8	1	2	2	-	6	6	-	2	-	2
2019	중랑구	소계	20,361	11,788	8,573	9,816	5,547	4,269	2,120	1,256	864	2,043	1,215	828	2,448	1,383	1,065	175	126	49	1,288	807	481	215	180	35	868	451	417	858	496	362	58	37	21	130	95	35	95	56	39	16	6	10	161	102	59	70	31	39
2019	중랑구	면목2동	1,277	738	539	648	361	287	107	67	40	131	79	52	152	85	67	10	6	4	87	59	28	14	12	2	46	24	22	57	33	24	2	1	1	8	5	3	6	3	3	-	-	-	7	3	4	2	-	2
2019	중랑구	면목4동	1,268	752	516	578	341	237	124	78	46	112	65	47	169	92	77	9	5	4	83	49	34	16	15	1	89	49	40	50	32	18	5	3	2	10	7	3	5	4	1	2	1	1	9	7	2	7	4	3
2019	중랑구	면목5동	522	339	183	249	152	97	49	33	16	50	36	14	63	38	25	5	5	-	32	22	10	4	3	1	34	22	12	17	12	5	-	-	-	4	4	-	2	2	-	-	-	-	10	9	1	3	1	2
2019	중랑구	면목7동	1,043	604	439	520	296	224	96	56	40	116	62	54	136	91	45	16	14	2	55	29	26	10	10	-	40	17	23	32	17	15	2	1	1	2	1	1	6	3	3	-	-	-	11	7	4	1	-	1
2019	중랑구	상봉1동	1,400	809	591	636	381	255	146	85	61	139	81	58	154	74	80	10	6	4	118	60	58	17	17	-	71	40	31	68	39	29	5	2	3	17	13	4	4	3	1	-	-	-	10	7	3	5	1	4
2019	중랑구	상봉2동	854	479	375	408	210	198	87	54	33	111	68	43	108	61	47	8	6	2	33	21	12	9	5	4	27	18	9	39	23	16	1	1	-	7	6	1	6	3	3	-	-	-	6	3	3	4	-	4
2019	중랑구	중화1동	879	534	345	432	244	188	82	53	29	82	56	26	113	70	43	7	5	2	58	41	17	12	10	2	30	16	14	41	24	17	6	3	3	9	5	4	1	1	-	-	-	-	3	3	-	3	3	-
2019	중랑구	중화2동	1,593	933	660	781	442	339	163	103	60	157	85	72	198	118	80	10	7	3	84	54	30	14	9	5	67	40	27	83	53	30	3	3	-	4	3	1	5	3	2	2	-	2	19	11	8	3	2	1
2019	중랑구	묵1동	1,461	851	610	705	399	306	147	90	57	147	87	60	198	114	84	8	6	2	98	67	31	14	10	4	52	24	28	51	30	21	4	3	1	6	5	1	11	5	6	-	-	-	15	7	8	5	4	1
2019	중랑구	묵2동	905	524	381	414	254	160	99	57	42	82	52	30	118	55	63	8	6	2	64	36	28	14	13	1	38	14	24	45	21	24	3	2	1	6	5	1	5	4	1	1	-	1	5	4	1	3	1	2
2019	중랑구	망우3동	981	569	412	466	281	185	99	64	35	112	73	39	117	62	55	5	4	1	69	34	35	10	7	3	42	17	25	35	18	17	1	1	-	3	2	1	6	2	4	2	-	2	11	4	7	3	-	3
2019	중랑구	신내1동	1,949	1,054	895	923	480	443	244	125	119	186	97	89	239	132	107	15	10	5	125	84	41	20	18	2	53	22	31	96	55	41	2	-	2	14	11	3	13	8	5	2	1	1	11	8	3	6	3	3
2019	중랑구	신내2동	1,471	810	661	681	365	316	175	97	78	128	66	62	149	80	69	13	6	7	110	80	30	21	16	5	90	43	47	68	40	28	5	3	2	12	7	5	8	4	4	2	-	2	4	2	2	5	1	4
2019	중랑구	면목본동	1,738	994	744	894	489	405	177	102	75	182	110	72	177	103	74	21	17	4	111	74	37	13	11	2	70	32	38	49	26	23	1	1	-	12	9	3	4	4	-	1	1	-	19	10	9	7	5	2
2019	중랑구	면목3.8동	1,277	769	508	626	366	260	122	80	42	145	86	59	152	93	59	17	14	3	61	38	23	9	8	1	52	30	22	62	35	27	6	3	3	8	5	3	2	2	-	3	2	1	7	7	-	5	-	5
2019	중랑구	망우본동	1,743	1,029	714	855	486	369	203	112	91	163	112	51	205	115	90	13	9	4	100	59	41	18	16	2	67	43	24	65	38	27	12	10	2	8	7	1	11	5	6	1	1	-	14	10	4	8	6	2
2019	성북구	소계	17,687	10,070	7,617	8,070	4,411	3,659	1,885	1,101	784	1,921	1,138	783	2,501	1,384	1,117	154	112	42	1,061	663	398	214	186	28	654	338	316	791	451	340	36	28	8	82	60	22	136	89	47	18	10	8	115	73	42	49	26	23
2019	성북구	돈암1동	634	339	295	289	136	153	62	37	25	72	41	31	109	67	42	2	1	1	26	16	10	10	8	2	18	9	9	28	12	16	-	-	-	3	1	2	8	6	2	-	-	-	6	5	1	1	-	1
2019	성북구	돈암2동	729	421	308	298	163	135	87	45	42	82	53	29	120	68	52	6	5	1	33	19	14	21	18	3	24	15	9	35	21	14	3	2	1	3	2	1	6	4	2	-	-	-	10	5	5	1	1	-
2019	성북구	안암동	597	357	240	244	136	108	80	56	24	64	37	27	62	30	32	10	9	1	67	42	25	11	10	1	22	12	10	24	15	9	1	1	-	3	2	1	2	2	-	2	1	1	3	2	1	2	2	-
2019	성북구	보문동	593	327	266	276	131	145	64	38	26	64	41	23	78	50	28	5	5	-	27	17	10	5	4	1	24	13	11	31	15	16	2	1	1	3	2	1	5	4	1	-	-	-	6	4	2	3	2	1
2019	성북구	정릉1동	663	359	304	308	161	147	57	29	28	75	41	34	102	50	52	6	5	1	39	29	10	9	9	-	25	9	16	25	14	11	1	1	-	1	-	1	9	8	1	-	-	-	5	3	2	1	-	1
2019	성북구	정릉2동	982	565	417	450	250	200	111	70	41	98	58	40	132	76	56	8	5	3	60	32	28	12	11	1	40	22	18	46	26	20	1	1	-	6	4	2	6	4	2	1	1	-	8	4	4	3	1	2
2019	성북구	정릉3동	748	429	319	360	185	175	81	46	35	74	52	22	101	57	44	2	1	1	47	35	12	8	5	3	26	18	8	34	18	16	2	2	-	4	4	-	5	4	1	-	-	-	1	1	-	3	1	2
2019	성북구	정릉4동	1,047	601	446	493	275	218	120	76	44	108	60	48	125	77	48	10	8	2	60	32	28	11	10	1	42	23	19	44	21	23	2	2	-	6	4	2	14	7	7	1	-	1	5	3	2	6	3	3
2019	성북구	길음1동	1,048	577	471	458	231	227	112	59	53	116	65	51	155	93	62	12	6	6	68	51	17	19	16	3	28	13	15	52	22	30	1	1	-	4	3	1	13	11	2	1	1	-	6	4	2	3	1	2
2019	성북구	길음2동	577	324	253	273	147	126	55	29	26	61	35	26	88	51	37	3	2	1	33	22	11	5	5	-	17	6	11	29	16	13	-	-	-	2	1	1	6	5	1	1	1	-	4	4	-	-	-	-
2019	성북구	월곡1동	1,174	673	501	518	284	234	136	77	59	121	66	55	167	102	65	15	12	3	76	47	29	12	11	1	52	27	25	50	36	14	-	-	-	4	3	1	11	5	6	4	2	2	5	1	4	3	-	3
2019	성북구	월곡2동	931	536	395	482	278	204	102	53	49	91	55	36	113	67	46	3	1	2	45	29	16	4	1	3	34	15	19	39	24	15	1	1	-	2	2	-	6	3	3	1	1	-	6	4	2	2	2	-
2019	성북구	장위1동	1,086	597	489	483	266	217	95	56	39	120	71	49	153	74	79	11	9	2	80	45	35	9	9	-	59	21	38	50	31	19	4	4	-	5	4	1	8	3	5	1	-	1	5	3	2	3	1	2
2019	성북구	장위2동	714	403	311	322	174	148	72	45	27	63	44	19	106	45	61	10	8	2	46	31	15	4	4	-	38	23	15	35	19	16	4	3	1	3	2	1	2	-	2	1	-	1	8	5	3	-	-	-
2019	성북구	장위3동	720	438	282	338	199	139	80	42	38	82	57	25	97	62	35	5	3	2	40	19	21	8	6	2	20	13	7	32	23	9	-	-	-	3	3	-	4	3	1	-	-	-	7	5	2	4	3	1
2019	성북구	성북동	587	342	245	233	131	102	61	30	31	82	54	28	92	49	43	7	6	1	45	28	17	13	9	4	14	7	7	25	15	10	-	-	-	4	3	1	5	5	-	-	-	-	3	2	1	3	3	-
2019	성북구	삼선동	932	537	395	415	230	185	113	74	39	100	47	53	125	66	59	7	7	-	56	38	18	12	12	-	41	24	17	41	22	19	2	1	1	9	7	2	4	4	-	1	1	-	4	2	2	2	2	-
2019	성북구	동선동	558	323	235	247	138	109	47	31	16	91	49	42	79	42	37	3	3	-	30	24	6	7	7	-	21	8	13	18	11	7	3	2	1	4	3	1	3	1	2	2	1	1	3	3	-	-	-	-
2019	성북구	종암동	1,608	901	707	743	414	329	165	98	67	152	88	64	263	124	139	16	10	6	88	53	35	25	22	3	54	31	23	71	45	26	8	5	3	4	3	1	6	3	3	1	-	1	6	2	4	6	3	3
2019	성북구	석관동	1,759	1,021	738	840	482	358	185	110	75	205	124	81	234	134	100	13	6	7	95	54	41	9	9	-	55	29	26	82	45	37	1	1	-	9	7	2	13	7	6	1	1	-	14	11	3	3	1	2
2019	강북구	소계	17,517	9,940	7,577	7,872	4,363	3,509	1,760	1,054	706	1,992	1,118	874	2,556	1,414	1,142	145	102	43	1,185	699	486	149	130	19	731	374	357	702	400	302	37	23	14	100	78	22	92	58	34	10	6	4	134	87	47	52	34	18
2019	강북구	번1동	972	589	383	458	279	179	99	61	38	122	68	54	139	88	51	6	4	2	50	30	20	2	2	-	36	17	19	42	26	16	1	1	-	8	7	1	1	1	-	1	1	-	6	3	3	1	1	-
2019	강북구	번2동	1,360	739	621	586	313	273	146	88	58	135	78	57	187	90	97	15	11	4	102	58	44	13	11	2	74	36	38	58	28	30	5	2	3	12	11	1	6	3	3	1	-	1	15	8	7	5	2	3
2019	강북구	번3동	2,020	1,123	897	893	477	416	226	140	86	193	117	76	256	134	122	15	8	7	151	83	68	8	7	1	140	75	65	82	49	33	7	4	3	22	14	8	8	3	5	-	-	-	9	7	2	10	5	5
2019	강북구	수유1동	1,293	772	521	527	293	234	131	83	48	195	118	77	181	113	68	9	6	3	122	82	40	9	7	2	43	23	20	50	31	19	1	1	-	7	5	2	4	1	3	1	1	-	11	6	5	2	2	-
2019	강북구	수유2동	1,116	614	502	493	251	242	104	68	36	131	66	65	169	96	73	8	6	2	75	45	30	17	17	-	41	16	25	56	35	21	4	2	2	4	3	1	8	5	3	-	-	-	4	2	2	2	2	-
2019	강북구	수유3동	1,094	624	470	502	285	217	97	61	36	126	67	59	159	78	81	7	5	2	71	43	28	15	13	2	53	26	27	45	32	13	2	1	1	4	4	-	2	1	1	-	-	-	6	3	3	5	5	-
2019	강북구	삼양동	1,418	823	595	626	350	276	123	74	49	183	109	74	218	125	93	15	9	6	106	65	41	14	11	3	45	26	19	51	30	21	1	-	1	7	5	2	16	11	5	-	-	-	8	6	2	5	2	3
2019	강북구	미아동	1,166	673	493	509	288	221	114	61	53	130	74	56	216	124	92	10	5	5	55	39	16	7	7	-	45	27	18	46	28	18	3	2	1	3	2	1	8	6	2	3	2	1	12	6	6	5	2	3
2019	강북구	송중동	1,432	836	596	687	384	303	112	69	43	160	83	77	241	156	85	14	13	1	85	46	39	10	10	-	45	26	19	51	29	22	3	3	-	5	2	3	5	3	2	-	-	-	10	8	2	4	4	-
2019	강북구	송천동	1,534	867	667	706	403	303	155	95	60	168	93	75	236	126	110	14	10	4	86	45	41	9	8	1	62	31	31	61	28	33	3	3	-	6	5	1	6	4	2	1	-	1	16	12	4	5	4	1
2019	강북구	삼각산동	1,288	702	586	609	333	276	128	70	58	151	83	68	169	82	87	11	8	3	82	47	35	19	15	4	42	18	24	41	22	19	1	1	-	9	7	2	10	5	5	1	-	1	11	8	3	4	3	1
2019	강북구	우이동	1,003	559	444	473	249	224	118	63	55	100	58	42	122	68	54	7	4	3	67	41	26	9	9	-	39	21	18	43	26	17	4	1	3	6	6	-	6	5	1	-	-	-	8	7	1	1	1	-
2019	강북구	인수동	1,821	1,019	802	803	458	345	207	121	86	198	104	94	263	134	129	14	13	1	133	75	58	17	13	4	66	32	34	76	36	40	2	2	-	7	7	-	12	10	2	2	2	-	18	11	7	3	1	2
2019	도봉구	소계	15,450	8,971	6,479	6,920	3,917	3,003	1,678	965	713	1,651	1,024	627	2,157	1,204	953	106	72	34	1,104	687	417	177	152	25	625	334	291	634	358	276	35	27	8	75	54	21	94	55	39	16	9	7	136	84	52	42	29	13
2019	도봉구	쌍문1동	1,117	640	477	493	271	222	109	60	49	130	86	44	153	89	64	11	3	8	78	47	31	14	13	1	46	23	23	45	21	24	5	4	1	7	6	1	11	6	5	1	-	1	13	10	3	1	1	-
2019	도봉구	쌍문2동	924	547	377	398	239	159	104	55	49	108	66	42	131	74	57	4	3	1	66	43	23	14	12	2	33	20	13	41	20	21	3	3	-	7	4	3	3	2	1	1	-	1	8	4	4	3	2	1
2019	도봉구	쌍문3동	803	441	362	361	185	176	63	36	27	93	59	34	132	76	56	5	5	-	58	24	34	8	7	1	30	14	16	33	23	10	2	2	-	5	3	2	5	3	2	1	-	1	5	3	2	2	1	1
2019	도봉구	쌍문4동	684	372	312	318	159	159	51	28	23	67	43	24	96	48	48	3	1	2	56	33	23	15	14	1	18	5	13	38	25	13	1	1	-	1	-	1	8	8	-	-	-	-	8	4	4	4	3	1
2019	도봉구	방학1동	1,505	918	587	690	413	277	171	102	69	144	95	49	208	120	88	8	6	2	109	65	44	17	15	2	55	32	23	60	38	22	3	3	-	10	9	1	8	5	3	-	-	-	14	9	5	8	6	2
2019	도봉구	방학2동	1,248	741	507	555	344	211	121	72	49	136	84	52	156	86	70	14	11	3	93	52	41	10	7	3	74	32	42	54	30	24	1	-	1	6	5	1	6	2	4	3	2	1	11	9	2	8	5	3
2019	도봉구	방학3동	1,042	602	440	468	253	215	155	89	66	95	64	31	137	74	63	10	5	5	69	55	14	11	11	-	35	17	18	45	22	23	2	2	-	5	4	1	6	4	2	-	-	-	2	2	-	2	-	2
2019	도봉구	창1동	1,054	596	458	465	250	215	130	75	55	112	69	43	164	85	79	4	2	2	56	38	18	15	12	3	44	29	15	42	22	20	4	3	1	1	-	1	7	4	3	1	1	-	8	5	3	1	1	-
2019	도봉구	창2동	1,317	752	565	613	349	264	142	92	50	150	78	72	187	96	91	10	9	1	80	46	34	9	7	2	43	26	17	53	31	22	1	1	-	6	5	1	7	3	4	-	-	-	12	6	6	4	3	1
2019	도봉구	창3동	783	479	304	368	217	151	96	50	46	83	61	22	87	55	32	5	4	1	61	40	21	12	10	2	30	19	11	27	15	12	2	2	-	2	1	1	3	-	3	1	-	1	4	3	1	2	2	-
2019	도봉구	창4동	1,000	543	457	435	235	200	111	55	56	109	59	50	147	82	65	5	3	2	71	44	27	14	12	2	30	15	15	46	23	23	1	-	1	9	5	4	6	3	3	2	1	1	12	4	8	2	2	-
2019	도봉구	창5동	1,012	597	415	428	237	191	121	75	46	122	72	50	149	86	63	5	4	1	70	43	27	12	11	1	44	28	16	39	25	14	1	1	-	4	3	1	6	5	1	2	2	-	8	5	3	1	-	1
2019	도봉구	도봉1동	1,481	875	606	624	361	263	141	87	54	145	88	57	212	129	83	12	8	4	153	98	55	14	11	3	94	48	46	54	28	26	6	4	2	5	2	3	6	3	3	3	2	1	11	5	6	1	1	-
2019	도봉구	도봉2동	1,480	868	612	704	404	300	163	89	74	157	100	57	198	104	94	10	8	2	84	59	25	12	10	2	49	26	23	57	35	22	3	1	2	7	7	-	12	7	5	1	1	-	20	15	5	3	2	1
2019	노원구	소계	27,342	15,025	12,317	12,114	6,534	5,580	2,934	1,652	1,282	2,780	1,530	1,250	3,479	1,784	1,695	229	158	71	2,226	1,317	909	369	305	64	1,464	702	762	1,069	625	444	99	64	35	150	102	48	104	77	27	34	19	15	178	104	74	113	52	61
2019	노원구	월계1동	1,060	619	441	483	255	228	100	67	33	98	51	47	172	110	62	11	8	3	68	46	22	15	14	1	33	16	17	48	28	20	5	3	2	1	1	-	6	6	-	1	1	-	13	9	4	6	4	2
2019	노원구	월계2동	2,314	1,286	1,028	1,011	559	452	234	133	101	206	113	93	275	138	137	18	11	7	189	120	69	29	21	8	199	103	96	93	51	42	10	7	3	15	12	3	7	5	2	3	1	2	15	7	8	10	5	5
2019	노원구	월계3동	1,955	1,051	904	864	459	405	200	116	84	203	112	91	255	122	133	21	14	7	148	98	50	16	16	-	115	45	70	82	45	37	5	1	4	12	4	8	8	6	2	1	1	-	13	8	5	12	4	8
2019	노원구	공릉2동	1,357	765	592	656	360	296	151	86	65	148	85	63	157	82	75	10	7	3	88	55	33	22	20	2	41	15	26	53	38	15	5	3	2	5	1	4	5	3	2	2	1	1	9	7	2	5	2	3
2019	노원구	하계1동	2,129	1,124	1,005	860	443	417	207	108	99	199	117	82	256	114	142	14	9	5	279	158	121	32	26	6	175	88	87	68	38	30	5	4	1	17	10	7	2	1	1	3	2	1	5	2	3	7	4	3
2019	노원구	하계2동	992	522	470	411	215	196	120	64	56	113	57	56	125	50	75	13	12	1	76	39	37	21	17	4	44	24	20	49	30	19	2	1	1	7	4	3	4	3	1	-	-	-	5	5	-	2	1	1
2019	노원구	중계본동	850	468	382	402	224	178	94	50	44	66	33	33	98	46	52	7	5	2	85	46	39	18	15	3	17	10	7	37	19	18	4	2	2	4	3	1	10	10	-	1	-	1	4	4	-	3	1	2
2019	노원구	중계1동	760	420	340	360	189	171	73	43	30	74	43	31	96	56	40	6	2	4	51	31	20	24	16	8	24	9	15	31	17	14	3	2	1	8	6	2	7	5	2	1	1	-	1	-	1	1	-	1
2019	노원구	중계4동	1,526	834	692	645	349	296	163	107	56	154	70	84	208	101	107	11	7	4	115	68	47	11	11	-	132	72	60	57	35	22	2	1	1	8	6	2	2	1	1	1	-	1	8	3	5	9	3	6
2019	노원구	상계1동	1,901	1,059	842	825	451	374	211	118	93	232	141	91	224	119	105	18	16	2	172	82	90	26	22	4	67	31	36	81	50	31	3	2	1	9	7	2	16	11	5	1	1	-	13	7	6	3	1	2
2019	노원구	상계2동	881	514	367	379	224	155	105	53	52	84	47	37	126	73	53	10	8	2	75	52	23	12	10	2	33	16	17	38	19	19	4	3	1	4	4	-	2	2	-	-	-	-	6	2	4	3	1	2
2019	노원구	상계5동	1,302	730	572	579	303	276	148	89	59	142	87	55	170	91	79	8	5	3	110	71	39	15	11	4	60	27	33	38	25	13	6	4	2	7	7	-	5	4	1	-	-	-	8	2	6	6	4	2
2019	노원구	상계8동	723	388	335	333	172	161	73	37	36	97	55	42	97	56	41	6	6	-	39	24	15	13	8	5	33	13	20	20	11	9	3	1	2	1	-	1	-	-	-	1	-	1	4	2	2	3	3	-
2019	노원구	상계9동	771	432	339	337	181	156	88	45	43	80	45	35	107	63	44	2	-	2	58	41	17	14	12	2	23	7	16	38	22	16	6	6	-	3	2	1	4	2	2	3	2	1	6	4	2	2	-	2
2019	노원구	상계10동	505	281	224	204	104	100	60	34	26	51	27	24	75	38	37	7	5	2	40	25	15	12	12	-	21	14	7	23	14	9	1	-	1	-	-	-	4	3	1	1	-	1	3	3	-	3	2	1
2019	노원구	상계3.4동	1,600	879	721	713	396	317	197	115	82	169	88	81	223	115	108	10	4	6	113	68	45	12	10	2	61	28	33	57	31	26	10	6	4	9	3	6	8	5	3	2	1	1	8	5	3	8	4	4
2019	노원구	상계6.7동	1,275	691	584	589	321	268	132	66	66	144	83	61	161	80	81	9	8	1	103	59	44	20	15	5	40	17	23	47	27	20	2	1	1	5	4	1	4	2	2	2	-	2	14	7	7	3	1	2
2019	노원구	중계2.3동	3,215	1,716	1,499	1,409	741	668	362	203	159	314	159	155	389	192	197	30	20	10	264	150	114	36	31	5	231	112	119	106	60	46	14	10	4	21	16	5	5	4	1	6	4	2	18	11	7	10	3	7
2019	노원구	공릉1동	2,226	1,246	980	1,054	588	466	216	118	98	206	117	89	265	138	127	18	11	7	153	84	69	21	18	3	115	55	60	103	65	38	9	7	2	14	12	2	5	4	1	5	4	1	25	16	9	17	9	8
2019	은평구	소계	21,617	12,652	8,965	9,127	5,031	4,096	2,204	1,344	860	2,345	1,418	927	3,110	1,703	1,407	176	131	45	1,738	1,141	597	308	264	44	1,150	715	435	874	526	348	54	29	25	134	102	32	140	99	41	25	15	10	164	95	69	68	39	29
2019	은평구	녹번동	1,645	952	693	743	404	339	158	88	70	181	122	59	259	136	123	23	16	7	100	69	31	13	10	3	58	35	23	71	47	24	2	-	2	5	3	2	12	9	3	3	3	-	14	8	6	3	2	1
2019	은평구	불광1동	1,705	948	757	697	367	330	170	97	73	223	131	92	280	159	121	19	13	6	89	51	38	23	20	3	78	37	41	80	47	33	3	3	-	10	9	1	15	6	9	1	1	-	13	5	8	4	2	2
2019	은평구	갈현1동	1,101	637	464	466	262	204	113	72	41	128	80	48	157	85	72	5	3	2	69	42	27	10	8	2	77	40	37	53	27	26	1	1	-	6	4	2	8	8	-	-	-	-	6	4	2	2	1	1
2019	은평구	갈현2동	1,229	727	502	540	306	234	115	66	49	135	93	42	174	105	69	15	11	4	94	61	33	15	12	3	54	20	34	61	35	26	3	1	2	6	6	-	9	7	2	-	-	-	6	3	3	2	1	1
2019	은평구	구산동	2,294	1,628	666	709	428	281	239	178	61	154	100	54	236	137	99	15	11	4	422	329	93	32	29	3	338	303	35	70	50	20	3	1	2	37	30	7	8	8	-	1	1	-	21	17	4	9	6	3
2019	은평구	대조동	1,234	710	524	546	295	251	124	76	48	152	86	66	182	107	75	11	10	1	74	50	24	11	10	1	52	28	24	56	31	25	3	2	1	4	3	1	4	2	2	1	1	-	8	5	3	6	4	2
2019	은평구	응암1동	1,146	627	519	515	281	234	120	73	47	121	69	52	187	91	96	6	5	1	61	30	31	13	12	1	52	30	22	44	19	25	4	2	2	3	3	-	11	6	5	-	-	-	7	5	2	2	1	1
2019	은평구	응암2동	896	513	383	396	221	175	100	56	44	91	51	40	127	66	61	7	6	1	57	36	21	18	14	4	33	21	12	38	24	14	2	1	1	7	5	2	4	3	1	1	-	1	10	5	5	5	4	1
2019	은평구	신사1동	1,227	712	515	536	304	232	115	66	49	155	91	64	162	91	71	11	7	4	115	72	43	15	10	5	47	29	18	37	26	11	1	1	-	3	1	2	9	6	3	5	2	3	12	5	7	4	1	3
2019	은평구	신사2동	1,002	589	413	459	250	209	81	47	34	101	64	37	135	79	56	4	4	-	91	55	36	17	15	2	37	20	17	52	38	14	2	1	1	6	5	1	5	4	1	-	-	-	8	4	4	4	3	1
2019	은평구	증산동	719	410	309	322	166	156	62	36	26	74	49	25	113	68	45	4	3	1	39	24	15	13	12	1	26	10	16	39	22	17	3	2	1	3	3	-	7	6	1	2	-	2	8	6	2	4	3	1
2019	은평구	수색동	484	262	222	204	106	98	55	28	27	64	35	29	67	36	31	4	4	-	37	24	13	4	4	-	20	9	11	15	10	5	2	-	2	3	1	2	4	3	1	1	1	-	4	1	3	-	-	-
2019	은평구	진관동	1,957	1,103	854	855	458	397	231	148	83	216	121	95	293	145	148	11	10	1	116	73	43	55	46	9	55	28	27	66	36	30	9	5	4	7	6	1	20	15	5	3	-	3	15	9	6	5	3	2
2019	은평구	불광2동	1,482	859	623	620	353	267	135	79	56	185	110	75	236	128	108	13	9	4	107	68	39	24	23	1	67	29	38	56	37	19	4	2	2	7	5	2	8	6	2	2	1	1	10	5	5	8	4	4
2019	은평구	응암3동	1,327	776	551	569	321	248	137	85	52	134	77	57	214	123	91	12	8	4	90	59	31	14	11	3	62	32	30	57	38	19	6	3	3	10	7	3	8	3	5	2	2	-	9	6	3	3	1	2
2019	은평구	역촌동	2,169	1,199	970	950	509	441	249	149	100	231	139	92	288	147	141	16	11	5	177	98	79	31	28	3	94	44	50	79	39	40	6	4	2	17	11	6	8	7	1	3	3	-	13	7	6	7	3	4
2019	서대문구	소계	12,612	7,006	5,606	5,549	2,959	2,590	1,410	793	617	1,336	794	542	1,820	946	874	118	84	34	811	518	293	150	129	21	513	272	241	579	307	272	32	21	11	47	32	15	92	61	31	10	6	4	116	68	48	29	16	13
2019	서대문구	천연동	791	427	364	355	179	176	80	49	31	81	48	33	104	53	51	3	2	1	50	30	20	11	9	2	41	19	22	39	20	19	5	4	1	7	6	1	5	3	2	-	-	-	8	4	4	2	1	1
2019	서대문구	홍제1동	935	511	424	405	211	194	99	53	46	99	59	40	143	74	69	9	5	4	76	45	31	16	13	3	31	18	13	37	18	19	1	-	1	2	1	1	11	9	2	1	1	-	4	3	1	1	1	-
2019	서대문구	홍제3동	834	461	373	379	196	183	90	50	40	90	53	37	131	72	59	11	7	4	45	33	12	3	2	1	32	16	16	36	21	15	3	2	1	3	1	2	3	2	1	-	-	-	8	6	2	-	-	-
2019	서대문구	홍제2동	623	333	290	265	125	140	87	53	34	75	40	35	93	52	41	12	10	2	26	16	10	6	6	-	17	7	10	26	14	12	3	2	1	3	2	1	5	3	2	-	-	-	4	3	1	1	-	1
2019	서대문구	홍은1동	1,066	564	502	500	261	239	113	60	53	111	60	51	156	74	82	11	8	3	58	35	23	13	12	1	36	20	16	40	17	23	-	-	-	3	2	1	8	4	4	2	-	2	12	8	4	3	3	-
2019	서대문구	홍은2동	1,267	721	546	550	288	262	134	78	56	128	80	48	156	83	73	9	7	2	96	59	37	19	17	2	70	49	21	72	41	31	2	1	1	4	3	1	10	6	4	1	-	1	14	8	6	2	1	1
2019	서대문구	남가좌1동	521	273	248	240	119	121	74	36	38	52	36	16	63	28	35	3	3	-	31	18	13	6	4	2	17	9	8	22	15	7	-	-	-	3	1	2	3	2	1	-	-	-	4	2	2	3	-	3
2019	서대문구	남가좌2동	1,081	584	497	467	235	232	122	59	63	99	67	32	165	86	79	12	7	5	70	46	24	11	10	1	61	29	32	43	24	19	1	1	-	6	4	2	11	9	2	1	1	-	8	4	4	4	2	2
2019	서대문구	북가좌1동	710	402	308	297	161	136	89	47	42	78	49	29	103	56	47	8	3	5	52	33	19	13	12	1	20	11	9	32	21	11	2	2	-	2	1	1	4	1	3	1	1	-	7	3	4	2	1	1
2019	서대문구	북가좌2동	1,584	897	687	731	413	318	152	91	61	158	90	68	237	121	116	15	11	4	103	71	32	14	12	2	73	29	44	74	42	32	4	2	2	1	1	-	2	1	1	2	1	1	16	11	5	2	1	1
2019	서대문구	충현동	704	419	285	284	186	98	79	45	34	96	59	37	111	44	67	5	4	1	43	30	13	5	5	-	32	19	13	30	14	16	3	2	1	1	1	-	7	4	3	-	-	-	4	3	1	4	3	1
2019	서대문구	북아현동	612	354	258	270	146	124	64	40	24	69	45	24	92	53	39	7	7	-	34	23	11	9	7	2	16	8	8	32	14	18	5	4	1	3	2	1	8	5	3	-	-	-	2	-	2	1	-	1
2019	서대문구	신촌동	486	268	218	199	111	88	56	33	23	52	27	25	72	38	34	3	2	1	36	24	12	9	6	3	16	9	7	30	11	19	1	1	-	2	1	1	-	-	-	-	-	-	9	4	5	1	1	-
2019	서대문구	연희동	1,398	792	606	607	328	279	171	99	72	148	81	67	194	112	82	10	8	2	91	55	36	15	14	1	51	29	22	66	35	31	2	-	2	7	6	1	15	12	3	2	2	-	16	9	7	3	2	1
2019	마포구	소계	13,119	7,408	5,711	5,776	3,148	2,628	1,434	822	612	1,463	866	597	1,844	1,006	838	108	79	29	857	500	357	197	165	32	496	245	251	617	362	255	33	19	14	49	36	13	92	66	26	10	5	5	109	67	42	34	22	12
2019	마포구	용강동	600	342	258	277	144	133	66	42	24	67	41	26	76	42	34	7	7	-	42	25	17	8	7	1	17	11	6	23	13	10	2	-	2	1	1	-	4	4	-	1	-	1	7	4	3	2	1	1
2019	마포구	대흥동	435	248	187	190	96	94	54	35	19	43	26	17	61	40	21	2	2	-	27	14	13	7	7	-	18	10	8	23	13	10	1	-	1	1	-	1	-	-	-	-	-	-	5	2	3	3	3	-
2019	마포구	염리동	432	238	194	178	98	80	50	33	17	60	30	30	64	29	35	3	3	-	26	16	10	4	4	-	21	11	10	15	8	7	2	2	-	-	-	-	3	2	1	-	-	-	4	1	3	2	1	1
2019	마포구	신수동	720	402	318	325	172	153	74	43	31	74	40	34	104	59	45	9	5	4	51	34	17	8	5	3	20	11	9	39	22	17	1	1	-	1	-	1	4	3	1	1	1	-	5	3	2	4	3	1
2019	마포구	서교동	671	407	264	301	174	127	60	34	26	89	61	28	94	54	40	6	5	1	45	31	14	10	8	2	18	10	8	32	19	13	-	-	-	1	1	-	9	7	2	-	-	-	5	3	2	1	-	1
2019	마포구	합정동	595	342	253	266	141	125	61	37	24	66	45	21	102	58	44	2	2	-	34	18	16	5	4	1	16	9	7	29	18	11	2	1	1	1	1	-	3	3	-	-	-	-	6	4	2	2	1	1
2019	마포구	망원1동	853	499	354	393	225	168	91	57	34	98	65	33	107	57	50	7	2	5	56	36	20	10	8	2	28	13	15	40	21	19	2	1	1	2	2	-	11	8	3	-	-	-	6	2	4	2	2	-
2019	마포구	망원2동	748	441	307	340	190	150	94	58	36	81	49	32	104	59	45	9	8	1	38	21	17	9	7	2	24	12	12	34	24	10	-	-	-	4	4	-	4	3	1	-	-	-	6	5	1	1	1	-
2019	마포구	연남동	540	289	251	255	116	139	46	24	22	63	38	25	78	44	34	5	4	1	24	14	10	10	10	-	15	9	6	29	21	8	1	-	1	4	3	1	3	2	1	-	-	-	7	4	3	-	-	-
2019	마포구	성산1동	706	405	301	313	170	143	68	45	23	81	45	36	98	55	43	4	3	1	31	13	18	17	16	1	33	17	16	38	23	15	6	4	2	3	3	-	8	6	2	-	-	-	5	4	1	1	1	-
2019	마포구	성산2동	2,041	1,106	935	854	460	394	242	135	107	212	118	94	278	142	136	16	11	5	171	95	76	22	17	5	117	53	64	81	43	38	6	5	1	8	5	3	10	9	1	4	3	1	14	7	7	6	3	3
2019	마포구	상암동	1,157	655	502	473	259	214	134	74	60	127	71	56	153	87	66	5	3	2	91	61	30	31	27	4	35	18	17	73	36	37	5	1	4	6	4	2	14	8	6	1	1	-	8	5	3	1	-	1
2019	마포구	도화동	762	411	351	298	152	146	89	48	41	90	49	41	120	65	55	4	4	-	45	25	20	12	8	4	37	19	18	48	30	18	1	1	-	7	3	4	5	2	3	-	-	-	5	4	1	1	1	-
2019	마포구	서강동	688	375	313	304	179	125	91	43	48	65	33	32	102	48	54	7	5	2	37	22	15	16	13	3	22	9	13	28	17	11	2	1	1	-	-	-	2	-	2	1	-	1	9	5	4	2	-	2
2019	마포구	공덕동	1,513	863	650	696	383	313	146	78	68	184	116	68	207	119	88	13	8	5	105	56	49	15	14	1	55	26	29	60	39	21	1	1	-	8	8	-	8	6	2	2	-	2	9	6	3	4	3	1
2019	마포구	아현동	658	385	273	313	189	124	68	36	32	63	39	24	96	48	48	9	7	2	34	19	15	13	10	3	20	7	13	25	15	10	1	1	-	2	1	1	4	3	1	-	-	-	8	8	-	2	2	-
2019	양천구	소계	17,456	10,144	7,312	7,981	4,620	3,361	1,756	1,031	725	1,715	1,042	673	2,672	1,409	1,263	165	116	49	1,153	704	449	261	224	37	616	309	307	683	402	281	46	32	14	94	63	31	123	78	45	12	6	6	130	76	54	49	32	17
2019	양천구	목1동	678	371	307	296	161	135	85	42	43	73	44	29	88	41	47	7	5	2	51	32	19	19	16	3	14	8	6	25	12	13	3	-	3	3	2	1	7	4	3	-	-	-	6	3	3	1	1	-
2019	양천구	목2동	1,058	640	418	499	294	205	98	59	39	119	77	42	158	84	74	8	7	1	64	44	20	10	8	2	34	22	12	46	29	17	4	3	1	6	3	3	6	4	2	-	-	-	6	6	-	-	-	-
2019	양천구	목3동	891	524	367	397	237	160	82	54	28	78	48	30	148	85	63	7	4	3	65	37	28	6	5	1	50	18	32	30	16	14	2	1	1	6	3	3	7	5	2	1	1	-	9	8	1	3	2	1
2019	양천구	목4동	882	525	357	389	234	155	68	43	25	96	55	41	136	71	65	14	10	4	58	33	25	20	14	6	39	26	13	40	23	17	-	-	-	3	1	2	7	5	2	1	1	-	8	7	1	3	2	1
2019	양천구	신월1동	1,247	755	492	573	352	221	124	83	41	126	70	56	178	89	89	12	8	4	83	55	28	15	12	3	48	32	16	50	29	21	2	1	1	12	10	2	6	5	1	2	-	2	9	6	3	7	3	4
2019	양천구	신월2동	1,013	605	408	493	294	199	99	59	40	97	62	35	141	82	59	12	8	4	79	51	28	12	11	1	32	11	21	30	18	12	3	1	2	2	2	-	5	2	3	-	-	-	7	3	4	1	1	-
2019	양천구	신월3동	967	588	379	450	262	188	93	65	28	91	64	27	144	81	63	13	11	2	58	31	27	9	8	1	50	31	19	33	19	14	1	1	-	5	4	1	8	4	4	-	-	-	9	4	5	3	3	-
2019	양천구	신월4동	890	519	371	456	269	187	92	53	39	66	34	32	131	76	55	4	2	2	55	37	18	11	11	-	20	4	16	35	20	15	2	2	-	1	1	-	8	6	2	2	-	2	7	4	3	-	-	-
2019	양천구	신월5동	732	412	320	340	190	150	65	42	23	81	46	35	105	59	46	7	5	2	51	29	22	10	7	3	28	11	17	24	15	9	3	2	1	3	-	3	6	2	4	1	1	-	6	2	4	2	1	1
2019	양천구	신월6동	251	175	76	132	88	44	24	14	10	17	12	5	34	24	10	1	1	-	17	15	2	5	5	-	2	2	-	13	8	5	1	1	-	2	2	-	2	2	-	-	-	-	-	-	-	1	1	-
2019	양천구	신월7동	1,171	655	516	556	302	254	116	74	42	110	67	43	187	95	92	5	4	1	60	36	24	8	6	2	44	18	26	55	34	21	2	2	-	6	5	1	6	4	2	1	-	1	11	4	7	4	4	-
2019	양천구	신정1동	567	333	234	242	136	106	68	39	29	64	40	24	97	53	44	2	2	-	29	17	12	12	11	1	15	7	8	21	13	8	2	2	-	-	-	-	10	9	1	1	-	1	3	3	-	1	1	-
2019	양천구	신정2동	737	428	309	351	206	145	84	45	39	48	34	14	94	48	46	8	3	5	54	31	23	16	15	1	26	13	13	30	19	11	1	-	1	5	5	-	9	5	4	-	-	-	8	3	5	3	1	2
2019	양천구	신정3동	2,119	1,196	923	936	530	406	232	125	107	213	126	87	310	146	164	19	13	6	155	95	60	38	33	5	80	39	41	78	53	25	5	4	1	15	9	6	14	9	5	2	2	-	13	8	5	9	4	5
2019	양천구	신정6동	464	264	200	189	112	77	57	25	32	57	37	20	59	31	28	7	5	2	39	20	19	9	7	2	14	5	9	17	10	7	5	4	1	3	3	-	4	2	2	-	-	-	3	2	1	1	1	-
2019	양천구	신정7동	1,413	739	674	628	319	309	141	80	61	138	76	62	272	125	147	12	9	3	76	45	31	24	19	5	47	25	22	48	26	22	1	1	-	10	6	4	3	2	1	-	-	-	12	5	7	1	1	-
2019	양천구	목5동	731	409	322	290	163	127	92	47	45	66	42	24	135	64	71	5	3	2	38	23	15	16	15	1	14	9	5	54	29	25	4	2	2	4	4	-	5	4	1	-	-	-	5	3	2	3	1	2
2019	양천구	신정4동	1,645	1,006	639	764	471	293	136	82	54	175	108	67	255	155	100	22	16	6	121	73	48	21	21	-	59	28	31	54	29	25	5	5	-	8	3	5	10	4	6	1	1	-	8	5	3	6	5	1
2019	강서구	소계	28,854	16,674	12,180	12,685	7,368	5,317	2,982	1,777	1,205	2,834	1,684	1,150	4,116	2,186	1,930	245	164	81	2,025	1,176	849	355	299	56	1,589	771	818	1,292	779	513	66	47	19	169	111	58	158	108	50	36	20	16	182	118	64	120	66	54
2019	강서구	염창동	1,114	688	426	500	308	192	114	55	59	117	74	43	168	111	57	6	2	4	78	50	28	30	26	4	21	11	10	48	25	23	3	3	-	6	4	2	11	7	4	1	1	-	10	10	-	1	1	-
2019	강서구	등촌1동	736	415	321	343	196	147	72	36	36	64	41	23	133	77	56	8	6	2	47	19	28	11	8	3	13	7	6	32	19	13	3	2	1	2	1	1	1	1	-	1	1	-	5	1	4	1	-	1
2019	강서구	등촌2동	732	434	298	328	195	133	76	46	30	60	38	22	109	58	51	2	2	-	43	26	17	11	8	3	30	16	14	53	30	23	1	1	-	1	-	1	9	7	2	-	-	-	6	5	1	3	2	1
2019	강서구	등촌3동	3,861	2,134	1,727	1,526	859	667	433	273	160	357	201	156	523	245	278	28	18	10	322	186	136	31	26	5	373	170	203	169	104	65	10	6	4	36	19	17	11	6	5	2	-	2	19	11	8	21	10	11
2019	강서구	화곡본동	1,420	814	606	646	377	269	143	72	71	133	83	50	199	98	101	15	9	6	109	71	38	19	15	4	59	28	31	66	38	28	5	4	1	6	5	1	4	3	1	-	-	-	8	5	3	8	6	2
2019	강서구	화곡2동	795	479	316	383	232	151	63	43	20	89	64	25	123	62	61	2	2	-	46	25	21	17	13	4	22	11	11	37	20	17	2	1	1	1	1	-	2	2	-	2	-	2	4	3	1	2	-	2
2019	강서구	화곡3동	848	472	376	350	183	167	110	64	46	87	46	41	155	80	75	10	7	3	41	26	15	9	7	2	33	21	12	33	24	9	1	-	1	5	4	1	7	5	2	1	1	-	2	1	1	4	3	1
2019	강서구	화곡4동	959	579	380	444	261	183	99	64	35	102	61	41	132	77	55	10	8	2	52	30	22	12	10	2	40	23	17	39	26	13	6	3	3	6	5	1	6	4	2	-	-	-	7	6	1	4	1	3
2019	강서구	화곡6동	960	551	409	416	236	180	85	46	39	108	67	41	116	62	54	8	4	4	114	71	43	15	13	2	37	16	21	41	23	18	1	1	-	4	3	1	2	-	2	1	-	1	9	8	1	3	1	2
2019	강서구	화곡8동	1,073	604	469	475	271	204	96	57	39	115	59	56	176	105	71	13	9	4	71	38	33	11	8	3	43	17	26	39	21	18	3	1	2	8	6	2	6	3	3	4	1	3	11	6	5	2	2	-
2019	강서구	가양1동	821	505	316	378	224	154	91	52	39	93	58	35	105	65	40	4	4	-	53	36	17	20	17	3	18	9	9	44	32	12	1	1	-	3	1	2	5	3	2	-	-	-	6	3	3	-	-	-
2019	강서구	가양2동	2,451	1,436	1,015	974	589	385	295	190	105	196	110	86	282	148	134	16	7	9	200	112	88	21	14	7	272	141	131	128	81	47	3	3	-	23	18	5	6	3	3	6	2	4	14	10	4	15	8	7
2019	강서구	가양3동	1,691	885	806	705	383	322	172	103	69	140	77	63	254	105	149	17	8	9	115	66	49	12	10	2	155	74	81	78	39	39	4	3	1	5	2	3	7	2	5	2	2	-	8	3	5	17	8	9
2019	강서구	발산1동	1,491	867	624	709	414	295	153	89	64	152	93	59	208	108	100	11	6	5	97	58	39	24	22	2	38	15	23	57	34	23	2	2	-	9	8	1	13	11	2	1	-	1	11	5	6	6	2	4
2019	강서구	공항동	1,095	653	442	527	313	214	90	58	32	108	64	44	161	91	70	10	8	2	83	47	36	9	9	-	31	16	15	54	31	23	1	-	1	5	3	2	4	4	-	3	3	-	7	5	2	2	1	1
2019	강서구	방화1동	1,767	1,070	697	809	496	313	174	91	83	193	115	78	275	159	116	15	12	3	124	78	46	21	20	1	40	21	19	74	48	26	4	2	2	9	6	3	11	8	3	2	1	1	12	9	3	4	4	-
2019	강서구	방화2동	1,628	970	658	733	438	295	169	108	61	150	97	53	226	116	110	19	11	8	119	68	51	14	12	2	91	43	48	65	46	19	5	5	-	12	9	3	8	6	2	3	1	2	8	6	2	6	4	2
2019	강서구	방화3동	2,042	1,148	894	911	500	411	238	146	92	182	107	75	273	150	123	18	15	3	127	65	62	15	13	2	147	75	72	82	43	39	1	1	-	16	10	6	8	7	1	1	1	-	14	9	5	9	6	3
2019	강서구	화곡1동	2,125	1,258	867	986	578	408	193	119	74	252	155	97	314	169	145	21	16	5	95	57	38	24	22	2	89	43	46	87	56	31	6	6	-	10	5	5	21	14	7	5	5	-	13	8	5	9	5	4
2019	강서구	우장산동	1,245	712	533	542	315	227	116	65	51	136	74	62	184	100	84	12	10	2	89	47	42	29	26	3	37	14	23	66	39	27	4	2	2	2	1	1	16	12	4	1	1	-	8	4	4	3	2	1
2019	구로구	소계	18,141	10,888	7,253	8,333	4,933	3,400	1,751	1,076	675	1,920	1,171	749	2,681	1,568	1,113	152	112	40	1,205	725	480	275	233	42	635	312	323	729	441	288	56	33	23	95	71	24	95	68	27	27	16	11	136	98	38	51	31	20
2019	구로구	신도림동	945	570	375	421	239	182	91	57	34	109	68	41	122	69	53	7	4	3	68	45	23	26	23	3	25	13	12	40	25	15	2	2	-	7	5	2	11	9	2	1	-	1	11	8	3	4	3	1
2019	구로구	구로1동	519	324	195	234	135	99	52	34	18	67	45	22	78	46	32	6	6	-	23	17	6	10	9	1	13	10	3	27	17	10	2	2	-	3	1	2	1	-	1	1	-	1	1	1	-	1	1	-
2019	구로구	구로3동	910	530	380	430	241	189	82	57	25	103	59	44	139	75	64	6	6	-	55	32	23	11	10	1	24	11	13	38	24	14	-	-	-	1	1	-	4	3	1	1	1	-	12	9	3	4	1	3
2019	구로구	구로4동	1,184	675	509	578	326	252	94	51	43	146	87	59	167	94	73	9	8	1	67	38	29	12	12	-	37	18	19	43	22	21	5	2	3	8	5	3	3	3	-	4	1	3	10	7	3	1	1	-
2019	구로구	구로5동	1,101	656	445	533	316	217	115	69	46	112	67	45	151	95	56	7	5	2	64	33	31	17	15	2	24	10	14	47	27	20	9	5	4	3	3	-	10	5	5	-	-	-	8	6	2	1	-	1
2019	구로구	고척1동	1,148	700	448	541	318	223	119	70	49	106	66	40	168	101	67	11	7	4	81	53	28	14	13	1	33	16	17	41	32	9	3	2	1	4	4	-	8	7	1	3	1	2	9	6	3	7	4	3
2019	구로구	고척2동	1,328	792	536	620	370	250	121	72	49	147	91	56	183	108	75	6	4	2	93	56	37	17	14	3	55	25	30	49	23	26	7	5	2	9	7	2	5	5	-	3	3	-	8	7	1	5	2	3
2019	구로구	개봉2동	1,438	881	557	645	393	252	127	88	39	145	84	61	259	150	109	14	9	5	91	59	32	23	21	2	50	25	25	50	29	21	6	1	5	6	4	2	9	6	3	2	2	-	9	8	1	2	2	-
2019	구로구	개봉3동	1,060	641	419	498	314	184	95	56	39	115	71	44	178	104	74	5	3	2	58	33	25	15	12	3	36	19	17	35	15	20	3	1	2	3	2	1	5	4	1	1	-	1	10	6	4	3	1	2
2019	구로구	오류1동	1,089	654	435	497	296	201	107	69	38	122	79	43	168	102	66	13	9	4	62	34	28	9	8	1	57	23	34	40	25	15	-	-	-	3	3	-	2	2	-	1	1	-	5	1	4	3	2	1
2019	구로구	오류2동	2,476	1,472	1,004	1,036	609	427	288	175	113	252	149	103	372	216	156	21	17	4	179	104	75	56	43	13	100	50	50	112	69	43	6	4	2	13	7	6	15	10	5	3	3	-	18	12	6	5	4	1
2019	구로구	수궁동	1,268	763	505	578	343	235	123	72	51	108	67	41	167	95	72	14	9	5	110	71	39	29	23	6	40	24	16	65	35	30	5	4	1	7	6	1	6	3	3	1	-	1	10	8	2	5	3	2
2019	구로구	가리봉동	547	336	211	249	159	90	51	33	18	66	41	25	88	48	40	6	5	1	28	17	11	1	1	-	27	10	17	22	16	6	1	1	-	4	2	2	-	-	-	-	-	-	3	2	1	1	1	-
2019	구로구	구로2동	1,458	878	580	697	425	272	124	76	48	157	100	57	204	112	92	13	8	5	102	53	49	11	10	1	52	27	25	51	33	18	5	2	3	14	12	2	9	5	4	1	1	-	14	12	2	4	2	2
2019	구로구	개봉1동	1,670	1,016	654	776	449	327	162	97	65	165	97	68	237	153	84	14	12	2	124	80	44	24	19	5	62	31	31	69	49	20	2	2	-	10	9	1	7	6	1	5	3	2	8	5	3	5	4	1
2019	금천구	소계	11,373	6,867	4,506	5,279	3,202	2,077	1,094	653	441	1,167	722	445	1,683	986	697	92	73	19	767	486	281	113	99	14	438	207	231	446	263	183	45	25	20	59	49	10	50	30	20	16	7	9	85	41	44	39	24	15
2019	금천구	가산동	743	482	261	360	223	137	67	46	21	74	51	23	112	72	40	4	4	-	42	32	10	3	2	1	33	19	14	28	19	9	3	-	3	7	7	-	2	-	2	-	-	-	5	5	-	3	2	1
2019	금천구	독산1동	1,980	1,189	791	876	543	333	211	119	92	204	125	79	269	156	113	18	16	2	131	78	53	20	18	2	108	50	58	79	46	33	15	9	6	16	13	3	9	5	4	4	2	2	13	5	8	7	4	3
2019	금천구	독산2동	984	601	383	472	296	176	86	49	37	93	52	41	141	87	54	8	6	2	84	60	24	4	4	-	38	14	24	38	25	13	3	1	2	3	1	2	3	1	2	2	1	1	5	2	3	4	2	2
2019	금천구	독산3동	1,219	755	464	585	356	229	111	64	47	129	87	42	178	117	61	10	7	3	70	46	24	12	8	4	33	15	18	60	37	23	5	3	2	2	2	-	6	5	1	2	1	1	13	6	7	3	1	2
2019	금천구	독산4동	818	513	305	374	242	132	60	40	20	90	62	28	117	66	51	7	5	2	72	44	28	13	12	1	32	13	19	36	22	14	-	-	-	3	2	1	2	1	1	-	-	-	9	2	7	3	2	1
2019	금천구	시흥1동	1,659	995	664	783	476	307	168	93	75	171	105	66	236	130	106	19	14	5	95	63	32	19	19	-	66	32	34	62	40	22	7	4	3	7	7	-	5	3	2	4	-	4	15	8	7	2	1	1
2019	금천구	시흥2동	1,120	655	465	520	292	228	124	74	50	103	66	37	176	104	72	6	5	1	68	43	25	17	14	3	27	15	12	45	21	24	6	4	2	11	8	3	10	7	3	1	1	-	4	1	3	2	-	2
2019	금천구	시흥3동	556	332	224	256	149	107	53	37	16	47	28	19	87	58	29	7	5	2	38	23	15	6	5	1	23	6	17	24	13	11	2	1	1	2	2	-	1	-	1	1	-	1	4	1	3	5	4	1
2019	금천구	시흥4동	1,097	660	437	486	287	199	112	72	40	123	75	48	187	102	85	5	4	1	81	46	35	13	11	2	31	19	12	35	24	11	4	3	1	3	3	-	5	4	1	2	2	-	7	6	1	3	2	1
2019	금천구	시흥5동	1,197	685	512	567	338	229	102	59	43	133	71	62	180	94	86	8	7	1	86	51	35	6	6	-	47	24	23	39	16	23	-	-	-	5	4	1	7	4	3	-	-	-	10	5	5	7	6	1
2019	영등포구	소계	14,411	8,599	5,812	6,583	3,819	2,764	1,474	916	558	1,574	972	602	2,204	1,267	937	124	87	37	839	527	312	194	165	29	447	246	201	646	389	257	32	17	15	61	46	15	76	54	22	19	13	6	106	63	43	32	18	14
2019	영등포구	여의동	755	442	313	315	162	153	91	52	39	95	56	39	100	61	39	4	3	1	35	26	9	28	21	7	22	16	6	39	26	13	1	-	1	2	2	-	11	9	2	1	-	1	10	7	3	1	1	-
2019	영등포구	당산1동	805	468	337	388	229	159	75	38	37	93	54	39	129	72	57	8	2	6	36	24	12	12	10	2	21	13	8	26	14	12	3	3	-	6	4	2	1	1	-	1	1	-	5	3	2	1	-	1
2019	영등포구	당산2동	924	529	395	427	227	200	96	48	48	119	77	42	143	90	53	10	8	2	40	24	16	14	11	3	25	12	13	29	19	10	5	3	2	2	1	1	7	4	3	1	1	-	5	3	2	1	1	-
2019	영등포구	양평1동	715	418	297	354	207	147	66	42	24	81	48	33	97	54	43	6	6	-	46	25	21	10	7	3	18	10	8	21	9	12	1	-	1	4	1	3	3	2	1	1	1	-	5	4	1	2	2	-
2019	영등포구	양평2동	615	375	240	303	177	126	68	42	26	57	34	23	77	47	30	6	4	2	37	29	8	7	7	-	14	9	5	33	16	17	1	-	1	4	3	1	6	5	1	1	1	-	1	1	-	-	-	-
2019	영등포구	신길1동	826	477	349	386	209	177	73	50	23	88	55	33	142	82	60	9	7	2	38	23	15	8	8	-	29	10	19	38	24	14	-	-	-	1	1	-	5	1	4	-	-	-	9	7	2	-	-	-
2019	영등포구	신길3동	861	516	345	377	221	156	101	64	37	102	61	41	116	70	46	6	4	2	58	34	24	9	9	-	36	18	18	37	22	15	1	1	-	2	2	-	3	3	-	1	1	-	8	5	3	4	1	3
2019	영등포구	신길4동	532	297	235	243	127	116	60	38	22	52	31	21	83	43	40	1	1	-	34	18	16	3	3	-	18	12	6	22	15	7	2	1	1	4	3	1	2	2	-	1	1	-	6	2	4	1	-	1
2019	영등포구	신길5동	527	307	220	230	120	110	68	40	28	48	30	18	94	56	38	5	5	-	36	25	11	4	3	1	15	10	5	18	12	6	-	-	-	2	1	1	2	2	-	-	-	-	3	2	1	2	1	1
2019	영등포구	신길6동	759	420	339	337	180	157	89	51	38	69	35	34	102	62	40	7	4	3	55	34	21	17	16	1	26	12	14	42	18	24	1	-	1	3	2	1	4	2	2	1	1	-	6	3	3	-	-	-
2019	영등포구	신길7동	477	271	206	203	107	96	51	33	18	63	38	25	72	40	32	6	2	4	32	17	15	13	12	1	14	5	9	12	11	1	1	1	-	3	3	-	2	-	2	1	1	-	3	1	2	1	-	1
2019	영등포구	대림1동	751	453	298	327	199	128	72	43	29	84	47	37	131	73	58	7	6	1	43	33	10	4	4	-	27	14	13	42	29	13	-	-	-	2	1	1	-	-	-	-	-	-	7	2	5	5	2	3
2019	영등포구	대림2동	711	430	281	334	212	122	59	36	23	59	35	24	134	75	59	9	7	2	46	24	22	8	7	1	19	7	12	37	24	13	1	1	-	1	-	1	1	1	-	-	-	-	2	1	1	1	-	1
2019	영등포구	대림3동	1,156	704	452	546	327	219	100	70	30	115	77	38	194	99	95	14	8	6	71	42	29	10	9	1	29	18	11	54	39	15	2	1	1	5	4	1	4	4	-	5	1	4	5	3	2	2	2	-
2019	영등포구	영등포본동	1,074	659	415	459	283	176	109	71	38	127	81	46	171	100	71	5	5	-	61	37	24	14	10	4	33	19	14	60	31	29	5	1	4	4	3	1	5	3	2	2	1	1	14	9	5	5	5	-
2019	영등포구	영등포동	1,067	722	345	475	317	158	105	70	35	113	86	27	152	95	57	9	7	2	72	50	22	7	4	3	57	38	19	49	33	16	-	-	-	8	8	-	8	6	2	2	2	-	6	4	2	4	2	2
2019	영등포구	도림동	921	543	378	423	256	167	78	45	33	116	70	46	139	72	67	6	4	2	58	35	23	10	10	-	26	15	11	45	22	23	5	2	3	4	3	1	2	2	-	1	1	-	7	5	2	1	1	-
2019	영등포구	문래동	934	568	366	455	259	196	113	83	30	93	57	36	128	76	52	6	4	2	41	27	14	16	14	2	18	8	10	42	25	17	3	3	-	4	4	-	10	7	3	-	-	-	4	1	3	1	-	1
2019	영등포구	기타	1	-	1	1	-	1	-	-	-	-	-	-	-	-	-	-	-	-	-	-	-	-	-	-	-	-	-	-	-	-	-	-	-	-	-	-	-	-	-	-	-	-	-	-	-	-	-	-
2019	동작구	소계	14,735	8,432	6,303	6,447	3,555	2,892	1,556	900	656	1,569	965	604	2,330	1,286	1,044	141	101	40	902	541	361	229	194	35	521	262	259	654	365	289	42	27	15	64	49	15	113	84	29	10	7	3	113	76	37	44	20	24
2019	동작구	노량진2동	663	377	286	280	154	126	69	43	26	82	46	36	108	57	51	3	3	-	52	31	21	4	3	1	31	18	13	24	16	8	-	-	-	2	2	-	3	2	1	-	-	-	1	-	1	4	2	2
2019	동작구	상도1동	1,524	871	653	657	373	284	146	87	59	195	117	78	244	129	115	15	11	4	83	46	37	26	23	3	46	21	25	68	35	33	6	5	1	6	6	-	12	10	2	1	1	-	14	6	8	5	1	4
2019	동작구	상도2동	973	543	430	414	236	178	104	55	49	101	64	37	155	78	77	12	6	6	66	36	30	17	12	5	39	19	20	40	20	20	3	2	1	7	5	2	10	7	3	1	1	-	2	1	1	2	1	1
2019	동작구	상도3동	1,155	656	499	535	294	241	126	69	57	108	73	35	173	93	80	9	8	1	75	41	34	16	14	2	41	22	19	50	26	24	5	3	2	2	-	2	8	6	2	1	1	-	6	6	-	-	-	-
2019	동작구	상도4동	1,309	773	536	548	308	240	119	71	48	136	86	50	275	171	104	11	6	5	86	54	32	25	22	3	42	14	28	43	24	19	2	1	1	4	3	1	8	6	2	-	-	-	5	4	1	5	3	2
2019	동작구	사당1동	796	484	312	339	198	141	72	46	26	94	57	37	114	69	45	10	9	1	49	30	19	15	12	3	34	18	16	33	19	14	6	4	2	6	5	1	8	7	1	2	1	1	9	6	3	5	3	2
2019	동작구	사당3동	800	468	332	349	187	162	92	60	32	69	42	27	127	79	48	6	4	2	47	29	18	19	17	2	25	12	13	37	17	20	2	2	-	5	4	1	10	5	5	2	1	1	8	8	-	2	1	1
2019	동작구	사당4동	563	329	234	257	147	110	58	33	25	70	40	30	83	47	36	2	2	-	27	18	9	8	6	2	14	8	6	30	18	12	2	1	1	3	3	-	5	4	1	-	-	-	2	1	1	2	1	1
2019	동작구	사당5동	484	267	217	204	110	94	58	29	29	49	31	18	65	31	34	4	4	-	21	11	10	16	14	2	25	11	14	27	15	12	1	-	1	2	2	-	6	5	1	-	-	-	6	4	2	-	-	-
2019	동작구	대방동	1,598	892	706	698	384	314	170	93	77	163	101	62	233	117	116	13	9	4	127	73	54	14	12	2	65	33	32	78	49	29	5	3	2	5	3	2	5	4	1	-	-	-	15	8	7	7	3	4
2019	동작구	신대방1동	815	469	346	362	203	159	94	52	42	77	46	31	125	72	53	5	4	1	57	35	22	17	16	1	24	10	14	37	18	19	2	2	-	1	1	-	7	7	-	1	-	1	4	3	1	2	-	2
2019	동작구	신대방2동	711	431	280	325	193	132	86	47	39	64	39	25	115	63	52	8	8	-	38	26	12	12	11	1	15	9	6	30	24	6	1	-	1	3	1	2	3	2	1	1	1	-	5	4	1	5	3	2
2019	동작구	흑석동	1,149	636	513	532	268	264	122	77	45	111	69	42	162	81	81	16	8	8	61	41	20	12	10	2	45	28	17	54	28	26	3	3	-	8	5	3	10	7	3	-	-	-	12	10	2	1	1	-
2019	동작구	노량진1동	1,266	728	538	556	301	255	139	79	60	136	88	48	197	121	76	16	10	6	72	43	29	12	9	3	51	27	24	50	23	27	2	-	2	7	7	-	9	8	1	1	1	-	15	10	5	3	1	2
2019	동작구	사당2동	929	508	421	391	199	192	101	59	42	114	66	48	154	78	76	11	9	2	41	27	14	16	13	3	24	12	12	53	33	20	2	1	1	3	2	1	9	4	5	-	-	-	9	5	4	1	-	1
2019	관악구	소계	20,299	11,967	8,332	9,173	5,244	3,929	1,983	1,224	759	2,296	1,421	875	2,868	1,656	1,212	166	123	43	1,325	811	514	235	196	39	851	432	419	937	553	384	54	36	18	97	76	21	104	72	32	14	8	6	137	80	57	59	35	24
2019	관악구	보라매동	1,144	641	503	489	266	223	134	77	57	132	77	55	150	88	62	13	7	6	85	46	39	16	14	2	45	16	29	60	38	22	2	1	1	1	1	-	4	2	2	2	-	2	8	6	2	3	2	1
2019	관악구	청림동	659	384	275	294	161	133	76	44	32	73	44	29	96	47	49	4	2	2	37	30	7	8	8	-	25	15	10	30	22	8	-	-	-	4	4	-	6	4	2	-	-	-	4	2	2	2	1	1
2019	관악구	행운동	1,111	664	447	480	277	203	120	65	55	123	91	32	167	97	70	10	8	2	73	48	25	9	5	4	61	29	32	45	31	14	2	-	2	5	5	-	5	2	3	-	-	-	8	4	4	3	2	1
2019	관악구	낙성대동	465	253	212	214	119	95	50	26	24	42	25	17	74	40	34	1	1	-	26	9	17	6	6	-	15	10	5	25	8	17	2	2	-	3	3	-	3	3	-	-	-	-	4	1	3	-	-	-
2019	관악구	중앙동	597	351	246	286	156	130	63	43	20	70	45	25	82	52	30	3	2	1	44	23	21	6	5	1	14	7	7	16	9	7	1	1	-	2	1	1	5	4	1	-	-	-	3	1	2	2	2	-
2019	관악구	인헌동	913	510	403	426	238	188	83	48	35	87	48	39	145	72	73	2	1	1	56	35	21	9	8	1	45	22	23	43	26	17	5	4	1	3	2	1	6	4	2	-	-	-	3	2	1	-	-	-
2019	관악구	남현동	570	336	234	256	145	111	57	33	24	61	39	22	66	40	26	7	5	2	36	21	15	7	5	2	29	17	12	40	24	16	1	1	-	4	3	1	3	2	1	-	-	-	2	1	1	1	-	1
2019	관악구	서원동	826	513	313	365	222	143	77	49	28	115	74	41	113	59	54	11	6	5	47	33	14	8	7	1	23	15	8	37	24	13	2	1	1	5	4	1	4	4	-	1	1	-	13	11	2	5	3	2
2019	관악구	신원동	830	477	353	361	196	165	68	42	26	91	50	41	125	64	61	7	6	1	58	40	18	7	7	-	45	26	19	48	31	17	2	2	-	4	3	1	5	4	1	1	-	1	5	4	1	3	2	1
2019	관악구	서림동	853	519	334	398	229	169	73	53	20	94	62	32	121	77	44	6	5	1	55	26	29	12	12	-	50	23	27	27	17	10	1	1	-	6	6	-	3	2	1	-	-	-	7	6	1	-	-	-
2019	관악구	신사동	923	563	360	423	252	171	77	48	29	107	71	36	137	81	56	8	7	1	74	37	37	9	7	2	37	26	11	36	25	11	1	1	-	5	2	3	2	2	-	-	-	-	4	2	2	3	2	1
2019	관악구	신림동	560	336	224	246	143	103	63	35	28	91	65	26	69	42	27	3	1	2	28	17	11	5	5	-	12	5	7	32	16	16	-	-	-	2	2	-	4	2	2	-	-	-	1	-	1	4	3	1
2019	관악구	난향동	723	427	296	315	189	126	80	55	25	79	42	37	105	60	45	9	6	3	47	28	19	14	10	4	20	4	16	37	21	16	1	1	-	3	3	-	3	2	1	1	-	1	6	4	2	3	2	1
2019	관악구	조원동	728	463	265	326	204	122	68	42	26	90	58	32	108	70	38	8	8	-	43	26	17	7	5	2	20	13	7	42	27	15	2	-	2	5	4	1	1	1	-	2	1	1	5	3	2	1	1	-
2019	관악구	대학동	720	455	265	337	205	132	66	45	21	84	53	31	80	55	25	4	3	1	33	18	15	10	8	2	49	31	18	33	20	13	3	2	1	2	1	1	9	7	2	1	1	-	6	4	2	3	2	1
2019	관악구	은천동	1,688	985	703	773	438	335	176	103	73	201	126	75	218	130	88	11	8	3	120	75	45	23	20	3	65	33	32	73	34	39	6	4	2	7	6	1	6	4	2	-	-	-	5	3	2	4	1	3
2019	관악구	성현동	1,442	826	616	667	364	303	136	87	49	165	99	66	184	101	83	10	6	4	102	66	36	19	15	4	63	30	33	59	36	23	2	1	1	7	6	1	9	5	4	1	1	-	11	4	7	7	5	2
2019	관악구	청룡동	1,011	621	390	465	271	194	89	58	31	118	75	43	150	94	56	11	8	3	63	44	19	12	10	2	40	22	18	43	26	17	3	1	2	3	3	-	7	6	1	1	1	-	6	2	4	-	-	-
2019	관악구	난곡동	1,584	921	663	677	385	292	152	92	60	186	116	70	228	126	102	12	10	2	113	72	41	11	8	3	71	38	33	80	44	36	5	3	2	16	9	7	6	2	4	2	1	1	16	10	6	9	5	4
2019	관악구	삼성동	1,558	884	674	708	396	312	143	92	51	136	71	65	259	143	116	12	11	1	103	65	38	20	16	4	78	35	43	70	36	34	6	5	1	4	3	1	4	4	-	1	1	-	8	4	4	6	2	4
2019	관악구	미성동	1,394	838	556	667	388	279	132	87	45	151	90	61	191	118	73	14	12	2	82	52	30	17	15	2	44	15	29	61	38	23	7	5	2	6	5	1	9	6	3	1	1	-	12	6	6	-	-	-
2019	서초구	소계	10,556	6,190	4,366	4,371	2,452	1,919	1,217	708	509	1,214	743	471	1,437	818	619	83	62	21	743	476	267	282	235	47	365	169	196	527	312	215	31	20	11	58	35	23	121	94	27	2	2	-	79	52	27	26	12	14
2019	서초구	서초1동	489	280	209	203	109	94	72	37	35	47	34	13	64	35	29	2	1	1	27	18	9	12	12	-	21	6	15	22	11	11	-	-	-	3	2	1	8	8	-	-	-	-	6	5	1	2	2	-
2019	서초구	서초2동	297	171	126	115	60	55	38	22	16	33	20	13	46	27	19	3	3	-	17	12	5	11	10	1	10	4	6	15	7	8	1	1	-	1	1	-	3	2	1	-	-	-	2	1	1	2	1	1
2019	서초구	서초3동	700	423	277	273	157	116	74	42	32	90	58	32	105	67	38	8	7	1	46	29	17	21	17	4	22	12	10	38	17	21	1	-	1	6	4	2	7	6	1	1	1	-	7	6	1	1	-	1
2019	서초구	서초4동	463	282	181	188	103	85	63	39	24	50	32	18	57	34	23	8	7	1	26	18	8	23	20	3	4	2	2	26	15	11	3	1	2	3	2	1	5	3	2	-	-	-	7	6	1	-	-	-
2019	서초구	잠원동	621	372	249	263	147	116	73	42	31	70	45	25	84	51	33	3	2	1	38	22	16	27	23	4	18	9	9	26	17	9	1	1	-	2	2	-	6	5	1	-	-	-	8	4	4	2	2	-
2019	서초구	반포본동	192	123	69	77	47	30	24	17	7	19	13	6	33	20	13	-	-	-	11	9	2	8	8	-	1	-	1	12	6	6	-	-	-	3	1	2	3	2	1	-	-	-	1	-	1	-	-	-
2019	서초구	반포1동	564	315	249	250	139	111	67	31	36	65	39	26	70	39	31	7	7	-	32	18	14	9	7	2	19	11	8	27	14	13	2	-	2	5	2	3	3	3	-	-	-	-	6	4	2	2	1	1
2019	서초구	반포2동	258	135	123	114	59	55	33	19	14	29	16	13	37	15	22	2	1	1	8	3	5	9	6	3	9	5	4	11	6	5	-	-	-	1	1	-	4	4	-	-	-	-	1	-	1	-	-	-
2019	서초구	반포3동	315	174	141	122	52	70	41	24	17	30	18	12	46	26	20	3	3	-	18	12	6	14	12	2	8	4	4	23	14	9	2	1	1	1	1	-	6	6	-	-	-	-	1	1	-	-	-	-
2019	서초구	반포4동	358	204	154	139	74	65	43	21	22	33	22	11	56	31	25	5	2	3	24	15	9	10	9	1	12	4	8	19	14	5	1	1	-	2	2	-	8	6	2	1	1	-	4	2	2	1	-	1
2019	서초구	방배본동	464	281	183	197	114	83	56	32	24	60	36	24	55	33	22	1	-	1	28	20	8	10	9	1	19	11	8	28	18	10	-	-	-	1	1	-	8	7	1	-	-	-	-	-	-	1	-	1
2019	서초구	방배1동	476	277	199	201	106	95	48	29	19	63	38	25	67	41	26	3	2	1	21	11	10	6	6	-	17	6	11	29	23	6	2	2	-	2	-	2	8	7	1	-	-	-	7	5	2	2	1	1
2019	서초구	방배2동	720	419	301	314	179	135	80	55	25	84	50	34	103	61	42	7	5	2	45	25	20	10	8	2	23	13	10	35	11	24	2	1	1	3	3	-	6	3	3	-	-	-	7	5	2	1	-	1
2019	서초구	방배3동	583	343	240	240	137	103	61	41	20	64	39	25	83	45	38	4	2	2	41	27	14	13	11	2	22	7	15	33	19	14	3	3	-	5	3	2	6	4	2	-	-	-	7	5	2	1	-	1
2019	서초구	방배4동	588	360	228	238	148	90	71	38	33	98	60	38	79	52	27	6	6	-	26	13	13	9	6	3	17	11	6	28	17	11	3	2	1	4	2	2	6	3	3	-	-	-	2	2	-	1	-	1
2019	서초구	양재1동	1,965	1,098	867	849	478	371	214	118	96	202	119	83	254	124	130	14	8	6	160	89	71	42	33	9	94	45	49	96	59	37	5	3	2	9	6	3	12	9	3	-	-	-	9	5	4	5	2	3
2019	서초구	양재2동	650	416	234	277	168	109	77	51	26	74	47	27	96	62	34	5	4	1	42	29	13	13	11	2	18	11	7	27	20	7	3	3	-	2	1	1	11	8	3	-	-	-	3	1	2	2	-	2
2019	서초구	내곡동	853	517	336	311	175	136	82	50	32	103	57	46	102	55	47	2	2	-	133	106	27	35	27	8	31	8	23	32	24	8	2	1	1	5	1	4	11	8	3	-	-	-	1	-	1	3	3	-
2019	강남구	소계	15,439	8,883	6,556	6,304	3,553	2,751	1,798	1,058	740	1,582	924	658	1,891	983	908	128	92	36	1,029	596	433	573	489	84	845	380	465	826	509	317	52	34	18	112	77	35	139	95	44	20	9	11	83	60	23	57	24	33
2019	강남구	신사동	413	238	175	196	110	86	48	24	24	33	19	14	51	30	21	-	-	-	17	9	8	11	10	1	6	3	3	32	19	13	3	2	1	1	1	-	8	6	2	-	-	-	4	4	-	3	1	2
2019	강남구	논현1동	587	365	222	241	143	98	65	47	18	87	49	38	60	39	21	1	1	-	47	33	14	13	10	3	16	7	9	34	20	14	4	3	1	3	3	-	9	5	4	-	-	-	5	4	1	2	1	1
2019	강남구	논현2동	505	298	207	213	121	92	53	28	25	58	31	27	78	49	29	4	3	1	33	21	12	8	7	1	10	4	6	33	19	14	1	1	-	2	2	-	9	9	-	-	-	-	3	3	-	-	-	-
2019	강남구	삼성1동	304	197	107	138	91	47	46	27	19	25	16	9	32	19	13	7	3	4	18	10	8	11	10	1	6	4	2	12	9	3	-	-	-	2	2	-	4	4	-	1	1	-	2	1	1	-	-	-
2019	강남구	삼성2동	565	361	204	218	141	77	74	45	29	76	48	28	65	39	26	-	-	-	33	24	9	23	19	4	23	14	9	31	19	12	3	1	2	3	2	1	11	7	4	-	-	-	4	2	2	1	-	1
2019	강남구	대치1동	285	175	110	100	59	41	41	19	22	33	19	14	36	24	12	-	-	-	17	9	8	21	19	2	5	4	1	15	9	6	-	-	-	1	1	-	10	7	3	1	-	1	4	4	-	1	1	-
2019	강남구	대치4동	384	221	163	179	106	73	43	27	16	41	21	20	43	22	21	3	2	1	21	14	7	9	7	2	12	3	9	24	14	10	2	1	1	-	-	-	2	-	2	-	-	-	4	4	-	1	-	1
2019	강남구	역삼1동	799	479	320	389	232	157	77	42	35	87	52	35	103	61	42	8	6	2	40	24	16	15	15	-	19	11	8	45	26	19	-	-	-	4	3	1	7	3	4	1	1	-	4	3	1	-	-	-
2019	강남구	역삼2동	637	380	257	273	151	122	78	44	34	76	55	21	74	45	29	4	2	2	27	16	11	17	14	3	20	12	8	54	34	20	-	-	-	2	1	1	5	3	2	1	-	1	5	3	2	1	-	1
2019	강남구	도곡1동	425	249	176	169	93	76	65	47	18	40	24	16	54	28	26	3	1	2	33	19	14	16	14	2	10	5	5	27	15	12	-	-	-	-	-	-	2	2	-	2	-	2	3	1	2	1	-	1
2019	강남구	도곡2동	497	303	194	212	123	89	78	48	30	44	25	19	56	31	25	2	2	-	22	14	8	19	17	2	11	6	5	36	29	7	1	1	-	5	3	2	7	2	5	-	-	-	4	2	2	-	-	-
2019	강남구	개포1동	228	140	88	100	60	40	30	18	12	20	12	8	28	16	12	1	1	-	16	9	7	7	7	-	7	4	3	9	7	2	-	-	-	3	2	1	2	1	1	-	-	-	4	2	2	1	1	-
2019	강남구	개포4동	542	308	234	202	110	92	70	43	27	60	41	19	66	32	34	7	5	2	46	23	23	22	17	5	27	11	16	28	17	11	2	1	1	4	2	2	2	2	-	-	-	-	4	3	1	2	1	1
2019	강남구	일원본동	718	336	382	208	119	89	59	34	25	43	27	16	59	27	32	8	7	1	70	21	49	81	67	14	140	4	136	34	21	13	3	1	2	4	2	2	6	4	2	-	-	-	-	-	-	3	2	1
2019	강남구	일원1동	1,084	597	487	431	229	202	121	70	51	105	58	47	119	57	62	10	6	4	73	34	39	44	38	6	97	52	45	51	29	22	2	2	-	11	7	4	7	5	2	2	1	1	9	8	1	2	1	1
2019	강남구	일원2동	1,181	607	574	440	217	223	137	72	65	117	59	58	182	63	119	3	2	1	93	61	32	51	40	11	82	47	35	45	26	19	2	2	-	15	11	4	3	3	-	3	1	2	-	-	-	8	3	5
2019	강남구	수서동	2,173	1,213	960	894	485	409	218	140	78	211	111	100	223	101	122	17	13	4	156	96	60	36	31	5	239	129	110	111	69	42	8	5	3	21	13	8	2	-	2	5	3	2	10	8	2	22	9	13
2019	강남구	세곡동	2,006	1,169	837	844	469	375	234	132	102	195	113	82	268	150	118	20	16	4	137	85	52	86	71	15	75	40	35	92	60	32	8	5	3	18	13	5	11	7	4	3	2	1	9	4	5	6	2	4
2019	강남구	압구정동	489	286	203	195	107	88	60	44	16	52	32	20	79	35	44	3	3	-	28	16	12	17	17	-	8	2	6	34	22	12	3	1	2	1	1	-	7	5	2	-	-	-	2	1	1	-	-	-
2019	강남구	청담동	563	330	233	227	130	97	65	39	26	71	40	31	78	43	35	10	6	4	40	24	16	15	11	4	9	4	5	31	18	13	3	3	-	4	3	1	7	6	1	-	-	-	2	2	-	1	1	-
2019	강남구	대치2동	621	381	240	249	143	106	89	48	41	60	44	16	71	36	35	12	9	3	39	26	13	35	33	2	14	8	6	31	20	11	4	3	1	7	4	3	9	7	2	-	-	-	-	-	-	1	-	1
2019	강남구	개포2동	432	249	183	186	114	72	47	20	27	48	28	20	66	36	30	5	4	1	23	8	15	15	14	1	9	6	3	17	7	10	3	2	1	1	1	-	9	7	2	1	-	1	1	1	-	1	1	-
2019	강남구	기타	1	1	-	-	-	-	-	-	-	-	-	-	-	-	-	-	-	-	-	-	-	1	1	-	-	-	-	-	-	-	-	-	-	-	-	-	-	-	-	-	-	-	-	-	-	-	-	-
2019	송파구	소계	20,280	12,006	8,274	8,861	5,037	3,824	2,223	1,334	889	2,088	1,301	787	2,537	1,391	1,146	166	122	44	1,527	951	576	630	546	84	653	343	310	1,017	578	439	59	38	21	124	88	36	181	141	40	12	8	4	145	90	55	57	38	19
2019	송파구	풍납1동	692	395	297	283	150	133	81	51	30	79	48	31	112	62	50	4	2	2	44	30	14	17	15	2	24	10	14	35	18	17	-	-	-	5	4	1	2	1	1	-	-	-	4	3	1	2	1	1
2019	송파구	풍납2동	826	494	332	367	214	153	97	63	34	74	45	29	111	65	46	8	5	3	55	33	22	24	22	2	30	13	17	37	15	22	2	2	-	5	4	1	8	7	1	1	1	-	4	2	2	3	3	-
2019	송파구	거여1동	626	376	250	300	184	116	54	36	18	69	41	28	81	39	42	5	5	-	57	36	21	13	11	2	10	4	6	27	12	15	-	-	-	4	4	-	2	2	-	-	-	-	2	-	2	2	2	-
2019	송파구	거여2동	926	542	384	344	178	166	78	49	29	87	58	29	98	54	44	6	6	-	205	129	76	26	24	2	33	14	19	28	17	11	3	2	1	7	5	2	6	3	3	2	1	1	2	1	1	1	1	-
2019	송파구	마천1동	1,258	734	524	575	318	257	121	77	44	125	70	55	176	101	75	14	12	2	86	52	34	33	29	4	43	24	19	52	28	24	1	1	-	11	7	4	7	6	1	-	-	-	8	7	1	6	2	4
2019	송파구	마천2동	1,210	698	512	576	336	240	119	72	47	124	74	50	158	78	80	10	5	5	76	47	29	12	11	1	52	33	19	55	24	31	1	-	1	12	8	4	3	2	1	1	1	-	6	5	1	5	2	3
2019	송파구	방이1동	440	262	178	186	114	72	41	20	21	50	30	20	62	40	22	5	4	1	31	16	15	14	11	3	15	6	9	20	12	8	3	1	2	1	-	1	6	4	2	-	-	-	6	4	2	-	-	-
2019	송파구	방이2동	785	474	311	378	214	164	91	52	39	79	54	25	86	48	38	9	9	-	43	34	9	15	13	2	31	20	11	37	19	18	2	1	1	4	2	2	4	3	1	1	1	-	5	4	1	-	-	-
2019	송파구	오륜동	296	167	129	126	62	64	41	27	14	26	14	12	38	24	14	1	-	1	18	12	6	10	9	1	8	2	6	14	7	7	2	1	1	3	1	2	5	4	1	-	-	-	4	4	-	-	-	-
2019	송파구	오금동	1,439	822	617	605	332	273	166	91	75	157	92	65	162	90	72	18	12	6	113	62	51	63	53	10	40	24	16	69	36	33	2	1	1	9	7	2	18	11	7	-	-	-	9	5	4	8	6	2
2019	송파구	송파1동	691	436	255	294	184	110	86	52	34	90	63	27	81	45	36	3	3	-	40	23	17	16	13	3	26	16	10	35	20	15	2	2	-	3	3	-	9	8	1	-	-	-	5	4	1	1	-	1
2019	송파구	송파2동	509	295	214	226	124	102	57	32	25	53	31	22	44	21	23	3	3	-	38	28	10	21	15	6	19	11	8	30	22	8	1	1	-	2	1	1	6	3	3	-	-	-	7	2	5	2	1	1
2019	송파구	석촌동	1,039	616	423	469	278	191	111	65	46	106	73	33	128	68	60	7	4	3	70	40	30	22	20	2	43	24	19	58	27	31	3	1	2	1	1	-	10	8	2	3	2	1	6	3	3	2	2	-
2019	송파구	삼전동	938	558	380	415	246	169	112	67	45	96	49	47	120	65	55	6	4	2	44	32	12	24	20	4	43	20	23	51	33	18	3	3	-	4	3	1	11	10	1	1	1	-	6	3	3	2	2	-
2019	송파구	가락본동	745	464	281	348	208	140	80	45	35	80	54	26	79	49	30	4	4	-	41	26	15	20	16	4	19	14	5	50	28	22	1	1	-	5	4	1	7	6	1	-	-	-	9	7	2	2	2	-
2019	송파구	가락1동	512	312	200	232	135	97	61	38	23	44	28	16	51	27	24	1	1	-	33	23	10	27	24	3	11	4	7	33	21	12	3	2	1	5	1	4	5	3	2	-	-	-	6	5	1	-	-	-
2019	송파구	가락2동	925	552	373	395	218	177	96	66	30	114	65	49	114	66	48	6	3	3	71	41	30	26	23	3	26	17	9	48	32	16	2	1	1	7	6	1	8	7	1	1	-	1	9	6	3	2	1	1
2019	송파구	문정1동	601	349	252	239	125	114	69	38	31	49	29	20	76	44	32	9	8	1	72	46	26	22	20	2	19	7	12	34	21	13	3	3	-	4	4	-	2	2	-	-	-	-	1	1	-	2	1	1
2019	송파구	문정2동	518	321	197	226	137	89	55	34	21	51	34	17	77	40	37	6	4	2	25	16	9	20	19	1	7	3	4	24	13	11	3	2	1	8	7	1	13	10	3	-	-	-	3	2	1	-	-	-
2019	송파구	장지동	1,426	838	588	606	344	262	169	94	75	134	84	50	174	93	81	6	3	3	130	82	48	70	63	7	45	17	28	62	44	18	5	3	2	7	5	2	1	-	1	1	1	-	11	3	8	5	2	3
2019	송파구	위례동	749	428	321	322	190	132	72	41	31	78	45	33	101	53	48	7	2	5	56	30	26	32	23	9	17	10	7	52	27	25	2	-	2	2	1	1	3	1	2	-	-	-	3	3	-	2	2	-
2019	송파구	잠실본동	826	490	336	372	208	164	91	58	33	90	65	25	105	52	53	9	7	2	36	28	8	12	11	1	42	20	22	48	29	19	2	1	1	3	2	1	6	4	2	-	-	-	9	4	5	1	1	-
2019	송파구	잠실4동	433	270	163	184	106	78	53	34	19	43	29	14	45	23	22	4	4	-	27	16	11	24	22	2	13	9	4	19	11	8	2	1	1	2	1	1	8	7	1	-	-	-	7	5	2	2	2	-
2019	송파구	잠실6동	372	227	145	143	75	68	50	34	16	43	28	15	58	35	23	4	4	-	22	14	8	13	11	2	11	7	4	15	11	4	2	-	2	1	1	-	3	3	-	-	-	-	6	3	3	1	1	-
2019	송파구	잠실7동	210	134	76	92	49	43	29	19	10	16	14	2	32	18	14	-	-	-	10	8	2	6	6	-	3	1	2	12	9	3	3	3	-	1	1	-	4	4	-	-	-	-	2	2	-	-	-	-
2019	송파구	잠실2동	582	340	242	246	138	108	75	41	34	59	34	25	75	40	35	5	4	1	34	21	13	31	26	5	6	4	2	32	20	12	-	-	-	6	4	2	8	7	1	1	-	1	2	-	2	2	1	1
2019	송파구	잠실3동	706	412	294	312	170	142	68	38	30	72	50	22	93	51	42	6	4	2	50	26	24	17	16	1	17	9	8	40	22	18	6	5	1	2	1	1	16	15	1	-	-	-	3	2	1	4	3	1
2019	강동구	소계	17,669	10,571	7,098	7,901	4,604	3,297	1,963	1,182	781	1,818	1,130	688	2,251	1,282	969	184	135	49	1,340	837	503	401	339	62	594	314	280	779	477	302	44	28	16	90	70	20	120	83	37	19	8	11	108	57	51	57	25	32
2019	강동구	강일동	1,518	868	650	690	367	323	190	110	80	159	100	59	190	108	82	15	7	8	111	68	43	40	38	2	31	19	12	56	25	31	4	2	2	6	5	1	8	7	1	3	1	2	8	6	2	7	5	2
2019	강동구	상일동	487	286	201	208	127	81	72	37	35	33	25	8	66	33	33	5	3	2	56	38	18	11	7	4	11	4	7	19	10	9	-	-	-	2	1	1	2	-	2	-	-	-	2	1	1	-	-	-
2019	강동구	명일1동	861	499	362	374	213	161	87	43	44	83	55	28	114	57	57	10	7	3	74	45	29	19	19	-	33	19	14	42	24	18	2	2	-	4	4	-	9	7	2	1	-	1	6	3	3	3	1	2
2019	강동구	명일2동	454	268	186	184	114	70	38	17	21	54	36	18	71	36	35	5	3	2	38	20	18	12	9	3	10	7	3	24	18	6	3	-	3	3	3	-	4	3	1	-	-	-	6	1	5	2	1	1
2019	강동구	고덕1동	749	454	295	326	204	122	91	56	35	80	45	35	82	46	36	8	5	3	62	37	25	31	27	4	19	6	13	29	20	9	2	-	2	2	1	1	8	4	4	-	-	-	7	2	5	2	1	1
2019	강동구	고덕2동	766	451	315	302	170	132	78	43	35	72	35	37	70	35	35	9	9	-	151	104	47	20	18	2	26	12	14	24	15	9	4	4	-	2	1	1	2	2	-	-	-	-	4	3	1	2	-	2
2019	강동구	암사2동	488	273	215	206	114	92	61	37	24	66	37	29	60	36	24	1	-	1	35	21	14	9	8	1	11	3	8	26	12	14	2	-	2	4	-	4	1	1	-	-	-	-	4	3	1	2	1	1
2019	강동구	암사3동	552	310	242	260	140	120	58	32	26	40	25	15	59	32	27	7	5	2	61	37	24	21	16	5	12	3	9	20	11	9	2	1	1	4	3	1	6	4	2	-	-	-	2	1	1	-	-	-
2019	강동구	천호1동	1,429	864	565	628	370	258	176	117	59	135	89	46	181	101	80	22	15	7	100	55	45	34	32	2	62	33	29	63	36	27	4	3	1	8	6	2	-	-	-	2	-	2	9	5	4	5	2	3
2019	강동구	천호3동	1,337	800	537	631	365	266	143	86	57	142	95	47	173	103	70	18	16	2	77	47	30	14	12	2	56	24	32	61	40	21	2	1	1	7	5	2	6	3	3	1	-	1	6	3	3	-	-	-
2019	강동구	성내1동	663	408	255	284	166	118	90	58	32	74	39	35	85	50	35	7	6	1	35	24	11	23	18	5	11	6	5	33	26	7	3	3	-	4	4	-	7	4	3	1	1	-	2	-	2	4	3	1
2019	강동구	성내2동	1,062	669	393	488	312	176	99	61	38	102	67	35	166	100	66	4	2	2	62	43	19	22	17	5	46	19	27	48	32	16	2	2	-	4	3	1	4	3	1	2	2	-	10	5	5	3	1	2
2019	강동구	성내3동	885	551	334	407	259	148	98	64	34	90	51	39	113	65	48	12	10	2	54	34	20	21	16	5	30	19	11	34	20	14	1	-	1	6	6	-	11	5	6	1	-	1	3	2	1	4	-	4
2019	강동구	둔촌1동	3	2	1	3	2	1	-	-	-	-	-	-	-	-	-	-	-	-	-	-	-	-	-	-	-	-	-	-	-	-	-	-	-	-	-	-	-	-	-	-	-	-	-	-	-	-	-	-
2019	강동구	둔촌2동	960	568	392	439	249	190	109	68	41	80	51	29	127	68	59	7	7	-	73	46	27	21	18	3	29	14	15	54	36	18	3	2	1	2	1	1	7	4	3	-	-	-	7	3	4	2	1	1
2019	강동구	암사1동	1,688	1,015	673	746	428	318	191	111	80	198	120	78	199	118	81	17	10	7	115	73	42	34	29	5	72	42	30	74	55	19	3	2	1	9	9	-	13	8	5	2	2	-	9	6	3	6	2	4
2019	강동구	천호2동	1,765	1,059	706	811	465	346	173	109	64	195	123	72	241	144	97	20	18	2	106	63	43	31	24	7	61	36	25	69	37	32	6	5	1	9	8	1	18	15	3	3	2	1	13	5	8	9	5	4
2019	강동구	길동	2,002	1,226	776	914	539	375	209	133	76	215	137	78	254	150	104	17	12	5	130	82	48	38	31	7	74	48	26	103	60	43	1	1	-	14	10	4	14	13	1	3	-	3	10	8	2	6	2	4